6647.09 0.664944
6647.74 0.64516
6648.39 0.627723
6649.04 0.612002
6649.69 0.597611
6650.34 0.584376
6650.99 0.572239
6651.64 0.561123
6652.29 0.551044
6652.94 0.542078
6653.58 0.53453
6654.23 0.528929
6654.88 0.52601
6655.53 0.52665
6656.18 0.531497
6656.83 0.540727
6657.48 0.553706
6658.13 0.568874
6658.78 0.583961
6659.43 0.596402
6660.08 0.604121
6660.73 0.606088
6661.38 0.602653
6662.03 0.595378
6662.68 0.586542
6663.33 0.5785
6663.98 0.573115
6664.63 0.571443
6665.28 0.573766
6665.93 0.579693
6666.57 0.58838
6667.22 0.598667
6667.87 0.609253
6668.52 0.618782
6669.17 0.626048
6669.82 0.630077
6670.47 0.63024
6671.12 0.626187
6671.77 0.617684
6672.42 0.604479
6673.07 0.586198
6673.72 0.562427
6674.37 0.533073
6675.02 0.498718
6675.67 0.46091
6676.32 0.422131
6676.97 0.385372
6677.62 0.353455
6678.27 0.328342
6678.92 0.310738
6679.56 0.300203
6680.21 0.295649
6680.86 0.296093
6681.51 0.301188
6682.16 0.311339
6682.81 0.327371
6683.46 0.349764
6684.11 0.37798
6684.76 0.410149
6685.41 0.443246
6686.06 0.473768
6686.71 0.498569
6687.36 0.51563
6688.01 0.524509
6688.66 0.526229
6689.31 0.522923
6689.96 0.517245
6690.61 0.511822
6691.26 0.508794
6691.91 0.509497
6692.56 0.514378
6693.21 0.522965
6693.85 0.533943
6694.5 0.545479
6695.15 0.555534
6695.8 0.562297
6696.45 0.564541
6697.1 0.561958
6697.75 0.555203
6698.4 0.545859
6699.05 0.536066
6699.7 0.528075
6700.35 0.523619
6701.0 0.523432
6701.65 0.527048
6702.3 0.532906
6702.95 0.538785
6703.6 0.542493
6704.25 0.54241
6704.9 0.537975
6705.55 0.529686
6706.2 0.518924
6706.84 0.507495
6707.49 0.497105
6708.14 0.488969
6708.79 0.483573
6709.44 0.480616
6710.09 0.479277
6710.74 0.478452
6711.39 0.477087
6712.04 0.474417
6712.69 0.470072
6713.34 0.464114
6713.99 0.456945
6714.64 0.449323
6715.29 0.442318
6715.94 0.437205
6716.59 0.435345
6717.24 0.437921
6717.89 0.445593
6718.54 0.458192
6719.19 0.47468
6719.83 0.493316
6720.48 0.51206
6721.13 0.529171
6721.78 0.543694
6722.43 0.555592
6723.08 0.565627
6723.73 0.574959
6724.38 0.584676
6725.03 0.595396
6725.68 0.60719
6726.33 0.619598
6726.98 0.631753
6727.63 0.642469
6728.28 0.650322
6728.93 0.653734
6729.58 0.651217
6730.23 0.641763
6730.88 0.625244
6731.53 0.602593
6732.18 0.575732
6732.83 0.547168
6733.48 0.51937
6734.12 0.494254
6734.77 0.472904
6735.42 0.455595
6736.07 0.442002
6736.72 0.43156
6737.37 0.423652
6738.02 0.417619
6738.67 0.412739
6739.32 0.408156
6739.97 0.40297
6740.62 0.396369
6741.27 0.387901
6741.92 0.377701
6742.57 0.366485
6743.22 0.355446
6743.87 0.345987
6744.52 0.339359
6745.17 0.336412
6745.82 0.337535
6746.47 0.342748
6747.12 0.351905
6747.76 0.364928
6748.41 0.381906
6749.06 0.403001
6749.71 0.428188
6750.36 0.456964
6751.01 0.488062
6751.66 0.519406
6752.31 0.548324
6752.96 0.571959
6753.61 0.587836
6754.26 0.594291
6754.91 0.590888
6755.56 0.578446
6756.21 0.558864
6756.86 0.534802
6757.51 0.50925
6758.16 0.48499
6758.81 0.464233
6759.46 0.448333
6760.11 0.437637
6760.75 0.431687
6761.4 0.429492
6762.05 0.43002
6762.7 0.432577
6763.35 0.43706
6764.0 0.443955
6764.65 0.45411
6765.3 0.468321
6765.95 0.48696
6766.6 0.509656
6767.25 0.535205
6767.9 0.561697
6768.55 0.586847
6769.2 0.608402
6769.85 0.624587
6770.5 0.634401
6771.15 0.637744
6771.8 0.635296
6772.45 0.628293
6773.1 0.618136
6773.75 0.606077
6774.4 0.593019
6775.04 0.579473
6775.69 0.565727
6776.34 0.552019
6776.99 0.538759
6777.64 0.526599
6778.29 0.516332
6778.94 0.508674
6779.59 0.504068
6780.24 0.502523
6780.89 0.503627
6781.54 0.506754
6782.19 0.511255
6782.84 0.516671
6783.49 0.522764
6784.14 0.529421
6784.79 0.536487
6785.44 0.543554
6786.09 0.549966
6786.74 0.55495
6787.39 0.557847
6788.03 0.558419
6788.68 0.556953
6789.33 0.554205
6789.98 0.551173
6790.63 0.548774
6791.28 0.547609
6791.93 0.547912
6792.58 0.549638
6793.23 0.552572
6793.88 0.556468
6794.53 0.561115
6795.18 0.566248
6795.83 0.571519
6796.48 0.576424
6797.13 0.580388
6797.78 0.58287
6798.43 0.583606
6799.08 0.582725
6799.73 0.580768
6800.38 0.578626
6801.03 0.577306
6801.68 0.577661
6802.32 0.580146
6802.97 0.584696
6803.62 0.590736
6804.27 0.597292
6804.92 0.603247
6805.57 0.607597
6806.22 0.609685
6806.87 0.609392
6807.52 0.607066
6808.17 0.603443
6808.82 0.599423
6809.47 0.595729
6810.12 0.59273
6810.77 0.590262
6811.42 0.587701
6812.07 0.584119
6812.72 0.578594
6813.37 0.57047
6814.02 0.559594
6814.67 0.546425
6815.31 0.531927
6815.96 0.517425
6816.61 0.504382
6817.26 0.49412
6817.91 0.487694
6818.56 0.485784
6819.21 0.488704
6819.86 0.496485
6820.51 0.508898
6821.16 0.525509
6821.81 0.545651
6822.46 0.568419
6823.11 0.592612
6823.76 0.616877
6824.41 0.639751
6825.06 0.659928
6825.71 0.676466
6826.36 0.688895
6827.01 0.697271
6827.66 0.702098
6828.31 0.704105
6828.95 0.70406
6829.6 0.70255
6830.25 0.69986
6830.9 0.69599
6831.55 0.690734
6832.2 0.683857
6832.85 0.675283
6833.5 0.6653
6834.15 0.654649
6834.8 0.64459
6835.45 0.636774
6836.1 0.633009
6836.75 0.634841
6837.4 0.643116
6838.05 0.657552
6838.7 0.676583
6839.35 0.697471
6840.0 0.716782
6840.65 0.73114
6841.3 0.737932
6841.95 0.736012
6842.59 0.725857
6843.24 0.709293
6843.89 0.688971
6844.54 0.667605
6845.19 0.647278
6845.84 0.629173
6846.49 0.613516
6847.14 0.59995
6847.79 0.587924
6848.44 0.577064
6849.09 0.567386
6849.74 0.559245
6850.39 0.553175
6851.04 0.549638
6851.69 0.5488
6852.34 0.550384
6852.99 0.553726
6853.64 0.557938
6854.29 0.562207
6854.94 0.566085
6855.58 0.569749
6856.23 0.573993
6856.88 0.579983
6857.53 0.588776
6858.18 0.600855
6858.83 0.615709
6859.48 0.631817
6860.13 0.646895
6860.78 0.658428
6861.43 0.664298
6862.08 0.663227
6862.73 0.65501
6863.38 0.640419
6864.03 0.620918
6864.68 0.598391
6865.33 0.5748
6865.98 0.552077
6866.63 0.531954
6867.28 0.515838
6867.93 0.504678
6868.58 0.498839
6869.22 0.498142
6869.87 0.501949
6870.52 0.509348
6871.17 0.519478
6871.82 0.531584
6872.47 0.545084
6873.12 0.559469
6873.77 0.574102
6874.42 0.588075
6875.07 0.600265
6875.72 0.609425
6876.37 0.614496
6877.02 0.61478
6877.67 0.61016
6878.32 0.601156
6878.97 0.588886
6879.62 0.57495
6880.27 0.561241
6880.92 0.54972
6881.57 0.542142
6882.22 0.539689
6882.87 0.54264
6883.51 0.550167
6884.16 0.560369
6884.81 0.570636
6885.46 0.578267
6886.11 0.58117
6886.76 0.578479
6887.41 0.570826
6888.06 0.560291
6888.71 0.549948
6889.36 0.543193
6890.01 0.542965
6890.66 0.551074
6891.31 0.567887
6891.96 0.592211
6892.61 0.621563
6893.26 0.652754
6893.91 0.682511
6894.56 0.708066
6895.21 0.727674
6895.86 0.740732
6896.5 0.747718
6897.15 0.749864
6897.8 0.748791
6898.45 0.746116
6899.1 0.743264
6899.75 0.741305
6900.4 0.740985
6901.05 0.742797
6901.7 0.747039
6902.35 0.753839
6903.0 0.763091
6903.65 0.774474
6904.3 0.787387
6904.95 0.801001
6905.6 0.814281
6906.25 0.826069
6906.9 0.83523
6907.55 0.840662
6908.2 0.841475
6908.85 0.837134
6909.5 0.827471
6910.14 0.812716
6910.79 0.793346
6911.44 0.76992
6912.09 0.742957
6912.74 0.712973
6913.39 0.680695
6914.04 0.647378
6914.69 0.614992
6915.34 0.586128
6915.99 0.563577
6916.64 0.549618
6917.29 0.545469
6917.94 0.550993
6918.59 0.564915
6919.24 0.585275
6919.89 0.610076
6920.54 0.637639
6921.19 0.666718
6921.84 0.696297
6922.49 0.72531
6923.14 0.752524
6923.78 0.776561
6924.43 0.796179
6925.08 0.810519
6925.73 0.81931
6926.38 0.822913
6927.03 0.82221
6927.68 0.818379
6928.33 0.812662
6928.98 0.806271
6929.63 0.800179
6930.28 0.795093
6930.93 0.791487
6931.58 0.789556
6932.23 0.789325
6932.88 0.790663
6933.53 0.793329
6934.18 0.796963
6934.83 0.801184
6935.48 0.805599
6936.13 0.80996
6936.77 0.814249
6937.42 0.818731
6938.07 0.823872
6938.72 0.830162
6939.37 0.837844
6940.02 0.846665
6940.67 0.855829
6941.32 0.864072
6941.97 0.869999
6942.62 0.87257
6943.27 0.871489
6943.92 0.867454
6944.57 0.862063
6945.22 0.857439
6945.87 0.855662
6946.52 0.858189
6947.17 0.865452
6947.82 0.87667
6948.47 0.89003
6949.12 0.903096
6949.77 0.913318
6950.41 0.918597
6951.06 0.917707
6951.71 0.910608
6952.36 0.898447
6953.01 0.883392
6953.66 0.868177
6954.31 0.855614
6954.96 0.848047
6955.61 0.846947
6956.26 0.852746
6956.91 0.864897
6957.56 0.882074
6958.21 0.902487
6958.86 0.924154
6959.51 0.945117
6960.16 0.963644
6960.81 0.97835
6961.46 0.988357
6962.11 0.993398
6962.76 0.993878
6963.41 0.990796
6964.06 0.985481
6964.7 0.97924
6965.35 0.97291
6966.0 0.966663
6966.65 0.960003
6967.3 0.95205
6967.95 0.941983
6968.6 0.929496
6969.25 0.915089
6969.9 0.900121
6970.55 0.886613
6971.2 0.876889
6971.85 0.873138
6972.5 0.876969
6973.15 0.889019
6973.8 0.908788
6974.45 0.934594
6975.1 0.963804
6975.75 0.993271
6976.4 1.01983
6977.05 1.04082
6977.69 1.05441
6978.34 1.05969
6978.99 1.05677
6979.64 1.04658
6980.29 1.03073
6980.94 1.0112
6981.59 0.99008
6982.24 0.969289
6982.89 0.950336
6983.54 0.934205
6984.19 0.921352
6984.84 0.911823
6985.49 0.905379
6986.14 0.901663
6986.79 0.900275
6987.44 0.900766
6988.09 0.902694
6988.74 0.905656
6989.39 0.909367
6990.04 0.913733
6990.69 0.918836
6991.33 0.924776
6991.98 0.931496
6992.63 0.938629
6993.28 0.945488
6993.93 0.951345
6994.58 0.955764
6995.23 0.958925
6995.88 0.96173
6996.53 0.965549
6997.18 0.971706
6997.83 0.980965
6998.48 0.99312
6999.13 1.00705
6999.78 1.021
7000.43 1.03313
7001.08 1.04194
7001.73 1.04663
7002.38 1.04712
7003.03 1.04393
7003.68 1.03805
7004.33 1.03077
7004.97 1.02347
7005.62 1.01745
7006.27 1.0136
7006.92 1.01208
7007.57 1.01217
7008.22 1.01234
7008.87 1.01066
7009.52 1.0054
7010.17 0.995708
7010.82 0.981888
7011.47 0.96541
7012.12 0.948514
7012.77 0.933614
7013.42 0.922685
7014.07 0.916908
7014.72 0.916495
7015.37 0.92081
7016.02 0.928606
7016.67 0.93839
7017.32 0.94869
7017.96 0.95834
7018.61 0.966655
7019.26 0.973477
7019.91 0.97909
7020.56 0.984028
7021.21 0.988835
7021.86 0.993815
7022.51 0.998836
7023.16 1.00331
7023.81 1.00629
7024.46 1.00672
7025.11 1.0037
7025.76 0.996782
7026.41 0.986065
7027.06 0.97221
7027.71 0.956286
7028.36 0.939535
7029.01 0.923173
7029.66 0.908258
7030.31 0.895667
7030.96 0.886081
7031.6 0.879976
7032.25 0.877667
7032.9 0.879171
7033.55 0.884136
7034.2 0.891863
7034.85 0.901427
7035.5 0.911885
7036.15 0.922587
7036.8 0.933256
7037.45 0.943961
7038.1 0.954767
7038.75 0.965362
7039.4 0.974745
7040.05 0.981238
7040.7 0.982821
7041.35 0.977669
7042.0 0.964711
7042.65 0.943897
7043.3 0.91614
7043.95 0.882984
7044.6 0.846187
7045.25 0.807461
7045.89 0.768397
7046.54 0.730549
7047.19 0.695572
7047.84 0.665178
7048.49 0.641009
7049.14 0.624199
7049.79 0.615045
7050.44 0.612831
7051.09 0.615879
7051.74 0.621925
7052.39 0.628655
7053.04 0.63427
7053.69 0.637793
7054.34 0.639216
7054.99 0.639248
7055.64 0.63895
7056.29 0.639335
7056.94 0.641086
7057.59 0.644445
7058.24 0.649266
7058.88 0.655134
7059.53 0.661505
7060.18 0.667839
7060.83 0.673638
7061.48 0.678443
7062.13 0.681867
7062.78 0.683582
7063.43 0.683268
7064.08 0.680694
7064.73 0.675784
7065.38 0.66871
7066.03 0.659933
7066.68 0.650221
7067.33 0.640499
7067.98 0.631651
7068.63 0.624315
7069.28 0.618803
7069.93 0.615073
7070.58 0.612975
7071.23 0.612396
7071.88 0.613405
7072.52 0.61629
7073.17 0.621423
7073.82 0.629017
7074.47 0.63888
7075.12 0.650293
7075.77 0.661979
7076.42 0.672328
7077.07 0.679732
7077.72 0.682909
7078.37 0.681185
7079.02 0.674554
7079.67 0.663635
7080.32 0.649422
7080.97 0.633082
7081.62 0.61573
7082.27 0.598333
7082.92 0.581666
7083.57 0.566356
7084.22 0.552933
7084.87 0.541923
7085.52 0.533865
7086.16 0.529271
7086.81 0.528466
7087.46 0.531431
7088.11 0.537583
7088.76 0.545827
7089.41 0.554694
7090.06 0.562721
7090.71 0.568863
7091.36 0.572749
7092.01 0.574734
7092.66 0.575656
7093.31 0.576443
7093.96 0.577737
7094.61 0.579643
7095.26 0.581742
7095.91 0.583258
7096.56 0.58338
7097.21 0.581546
7097.86 0.577578
7098.51 0.571721
7099.15 0.564556
7099.8 0.556878
7100.45 0.549568
7101.1 0.54348
7101.75 0.539427
7102.4 0.538087
7103.05 0.539943
7103.7 0.545238
7104.35 0.553922
7105.0 0.565656
7105.65 0.579874
7106.3 0.595828
7106.95 0.612656
7107.6 0.629437
7108.25 0.645336
7108.9 0.659681
7109.55 0.672173
7110.2 0.682945
7110.85 0.692543
7111.5 0.701682
7112.15 0.710892
7112.79 0.720176
7113.44 0.728805
7114.09 0.735425
7114.74 0.738423
7115.39 0.736465
7116.04 0.72904
7116.69 0.716701
7117.34 0.701027
7117.99 0.684228
7118.64 0.668512
7119.29 0.655453
7119.94 0.645526
7120.59 0.638028
7121.24 0.631322
7121.89 0.623445
7122.54 0.612675
7123.19 0.598095
7123.84 0.579773
7124.49 0.558713
7125.14 0.536516
7125.79 0.515042
7126.44 0.496025
7127.08 0.480814
7127.73 0.470245
7128.38 0.464506
7129.03 0.463172
7129.68 0.465208
7130.33 0.469161
7130.98 0.473487
7131.63 0.476892
7132.28 0.478718
7132.93 0.479037
7133.58 0.478572
7134.23 0.478331
7134.88 0.479155
7135.53 0.481344
7136.18 0.484532
7136.83 0.487799
7137.48 0.489994
7138.13 0.490187
7138.78 0.488
7139.43 0.483746
7140.07 0.478458
7140.72 0.473606
7141.37 0.470818
7142.02 0.471475
7142.67 0.476419
7143.32 0.485684
7143.97 0.498463
7144.62 0.513126
7145.27 0.527551
7145.92 0.539452
7146.57 0.546852
7147.22 0.548458
7147.87 0.544035
7148.52 0.534516
7149.17 0.521905
7149.82 0.508943
7150.47 0.498628
7151.12 0.493636
7151.77 0.495817
7152.42 0.505848
7153.07 0.523178
7153.71 0.546113
7154.36 0.572211
7155.01 0.598669
7155.66 0.622761
7156.31 0.642228
7156.96 0.655496
7157.61 0.661786
7158.26 0.661081
7158.91 0.654053
7159.56 0.641916
7160.21 0.626293
7160.86 0.609104
7161.51 0.592344
7162.16 0.57794
7162.81 0.567472
7163.46 0.562021
7164.11 0.562041
7164.76 0.567371
7165.41 0.577377
7166.06 0.591132
7166.71 0.6075
7167.35 0.625232
7168.0 0.64296
7168.65 0.659193
7169.3 0.672462
7169.95 0.681522
7170.6 0.685679
7171.25 0.684968
7171.9 0.68017
7172.55 0.6727
7173.2 0.664274
7173.85 0.656556
7174.5 0.650951
7175.15 0.648434
7175.8 0.649529
7176.45 0.654316
7177.1 0.662426
7177.75 0.673052
7178.4 0.685016
7179.05 0.696863
7179.7 0.707059
7180.35 0.714196
7180.99 0.717221
7181.64 0.715612
7182.29 0.709503
7182.94 0.699698
7183.59 0.6875
7184.24 0.674483
7184.89 0.662107
7185.54 0.651461
7186.19 0.643113
7186.84 0.637126
7187.49 0.633295
7188.14 0.631378
7188.79 0.631279
7189.44 0.633062
7190.09 0.636884
7190.74 0.64275
7191.39 0.650369
7192.04 0.659032
7192.69 0.667738
7193.34 0.675355
7193.98 0.680935
7194.63 0.683946
7195.28 0.684424
7195.93 0.682908
7196.58 0.680285
7197.23 0.677506
7197.88 0.675381
7198.53 0.674468
7199.18 0.675091
7199.83 0.677474
7200.48 0.681852
7201.13 0.688562
7201.78 0.697943
7202.43 0.710158
7203.08 0.72494
7203.73 0.741353
7204.38 0.757723
7205.03 0.771795
7205.68 0.781068
7206.33 0.783412
7206.98 0.777557
7207.62 0.763576
7208.27 0.742949
7208.92 0.718316
7209.57 0.692893
7210.22 0.669761
7210.87 0.651239
7211.52 0.638464
7212.17 0.631347
7212.82 0.628891
7213.47 0.629608
7214.12 0.632016
7214.77 0.635055
7215.42 0.638193
7216.07 0.641524
7216.72 0.645568
7217.37 0.651041
7218.02 0.658623
7218.67 0.668625
7219.32 0.680848
7219.97 0.694491
7220.62 0.708262
7221.27 0.720737
7221.91 0.730731
7222.56 0.737681
7223.21 0.741863
7223.86 0.744339
7224.51 0.746621
7225.16 0.750213
7225.81 0.756123
7226.46 0.764547
7227.11 0.774794
7227.76 0.785402
7228.41 0.794574
7229.06 0.800621
7229.71 0.802467
7230.36 0.799941
7231.01 0.793843
7231.66 0.785692
7232.31 0.77739
7232.96 0.770694
7233.61 0.766848
7234.26 0.766399
7234.9 0.769262
7235.55 0.774968
7236.2 0.782732
7236.85 0.79166
7237.5 0.800608
7238.15 0.808044
7238.8 0.81195
7239.45 0.809942
7240.1 0.799791
7240.75 0.780087
7241.4 0.751053
7242.05 0.714956
7242.7 0.676004
7243.35 0.639678
7244.0 0.611524
7244.65 0.595985
7245.3 0.5955
7245.95 0.610244
7246.6 0.638443
7247.25 0.67711
7247.9 0.722831
7248.54 0.772368
7249.19 0.82285
7249.84 0.871686
7250.49 0.916445
7251.14 0.954803
7251.79 0.984773
7252.44 1.00506
7253.09 1.01543
7253.74 1.01685
7254.39 1.01143
7255.04 1.00199
7255.69 0.991408
7256.34 0.982101
7256.99 0.975578
7257.64 0.972364
7258.29 0.971993
7258.94 0.973274
7259.59 0.974596
7260.24 0.974248
7260.89 0.970736
7261.54 0.963148
7262.18 0.951419
7262.83 0.936494
7263.48 0.920277
7264.13 0.905267
7264.78 0.893959
7265.43 0.88824
7266.08 0.888892
7266.73 0.895415
7267.38 0.906224
7268.03 0.919097
7268.68 0.931729
7269.33 0.942165
7269.98 0.949024
7270.63 0.951521
7271.28 0.949336
7271.93 0.942504
7272.58 0.931365
7273.23 0.916628
7273.88 0.899508
7274.53 0.881711
7275.17 0.865414
7275.82 0.852933
7276.47 0.846294
7277.12 0.846747
7277.77 0.854489
7278.42 0.868595
7279.07 0.887325
7279.72 0.908516
7280.37 0.930097
7281.02 0.950378
7281.67 0.968041
7282.32 0.982294
7282.97 0.992707
7283.62 0.999363
7284.27 1.00296
7284.92 1.00501
7285.57 1.00766
7286.22 1.0134
7286.87 1.02429
7287.52 1.04114
7288.17 1.06299
7288.81 1.08691
7289.46 1.10855
7290.11 1.12313
7290.76 1.12684
7291.41 1.11799
7292.06 1.09763
7292.71 1.06935
7293.36 1.03828
7294.01 1.00968
7294.66 0.987597
7295.31 0.973989
7295.96 0.96862
7296.61 0.969492
7297.26 0.973827
7297.91 0.979032
7298.56 0.983415
7299.21 0.986491
7299.86 0.988862
7300.51 0.991764
7301.16 0.996492
7301.81 1.00391
7302.46 1.01422
7303.1 1.02702
7303.75 1.04132
7304.4 1.05594
7305.05 1.06968
7305.7 1.08148
7306.35 1.09049
7307.0 1.09643
7307.65 1.09944
7308.3 1.10021
7308.95 1.0997
7309.6 1.09871
7310.25 1.09742
7310.9 1.09512
7311.55 1.0902
7312.2 1.08069
7312.85 1.06498
7313.5 1.04262
7314.15 1.01481
7314.8 0.984355
7315.45 0.955104
7316.09 0.931002
7316.74 0.915121
7317.39 0.908957
7318.04 0.912269
7318.69 0.923345
7319.34 0.939625
7319.99 0.958398
7320.64 0.977267
7321.29 0.994387
7321.94 1.00851
7322.59 1.01899
7323.24 1.02572
7323.89 1.02917
7324.54 1.03028
7325.19 1.03027
7325.84 1.03051
7326.49 1.03216
7327.14 1.03618
7327.79 1.04325
7328.44 1.05369
7329.09 1.06765
7329.73 1.08497
7330.38 1.10512
7331.03 1.12717
7331.68 1.14982
7332.33 1.17154
7332.98 1.1908
7333.63 1.20624
7334.28 1.21686
7334.93 1.22205
7335.58 1.22155
7336.23 1.2155
7336.88 1.2043
7337.53 1.18866
7338.18 1.16954
7338.83 1.1482
7339.48 1.12621
7340.13 1.10536
7340.78 1.08745
7341.43 1.07401
7342.08 1.06603
7342.73 1.06366
7343.37 1.06623
7344.02 1.07231
7344.67 1.07999
7345.32 1.08722
7345.97 1.09226
7346.62 1.09392
7347.27 1.09189
7347.92 1.08674
7348.57 1.07986
7349.22 1.0731
7349.87 1.06832
7350.52 1.06688
7351.17 1.0693
7351.82 1.07512
7352.47 1.08312
7353.12 1.09169
7353.77 1.09933
7354.42 1.10502
7355.07 1.10841
7355.72 1.10973
7356.36 1.10957
7357.01 1.10873
7357.66 1.10801
7358.31 1.10826
7358.96 1.11042
7359.61 1.11548
7360.26 1.12428
7360.91 1.13725
7361.56 1.15412
7362.21 1.17374
7362.86 1.19424
7363.51 1.21331
7364.16 1.22868
7364.81 1.23866
7365.46 1.24257
7366.11 1.2409
7366.76 1.23543
7367.41 1.22882
7368.06 1.22417
7368.71 1.22437
7369.36 1.23147
7370.01 1.24622
7370.65 1.2679
7371.3 1.2945
7371.95 1.32306
7372.6 1.35023
7373.25 1.37284
7373.9 1.38833
7374.55 1.39514
7375.2 1.39287
7375.85 1.38224
7376.5 1.36497
7377.15 1.34348
7377.8 1.32053
7378.45 1.29882
7379.1 1.28057
7379.75 1.26716
7380.4 1.25886
7381.05 1.25485
7381.7 1.2535
7382.35 1.25281
7383.0 1.25103
7383.65 1.24706
7384.29 1.24069
7384.94 1.23253
7385.59 1.22371
7386.24 1.21549
7386.89 1.20897
7387.54 1.20495
7388.19 1.20384
7388.84 1.20576
7389.49 1.21059
7390.14 1.21795
7390.79 1.22723
7391.44 1.23763
7392.09 1.24823
7392.74 1.25815
7393.39 1.26669
7394.04 1.27334
7394.69 1.27784
7395.34 1.28012
7395.99 1.28022
7396.64 1.27837
7397.28 1.27491
7397.93 1.27042
7398.58 1.26563
7399.23 1.26137
7399.88 1.25825
7400.53 1.25656
7401.18 1.25606
7401.83 1.25598
7402.48 1.25531
7403.13 1.25304
7403.78 1.24865
7404.43 1.24218
7405.08 1.23439
7405.73 1.22647
7406.38 1.21977
7407.03 1.21545
7407.68 1.21427
7408.33 1.2165
7408.98 1.22194
7409.63 1.23006
7410.28 1.24006
7410.92 1.25089
7411.57 1.26141
7412.22 1.27034
7412.87 1.27649
7413.52 1.27882
7414.17 1.27665
7414.82 1.26969
7415.47 1.25816
7416.12 1.24278
7416.77 1.2248
7417.42 1.20595
7418.07 1.18826
7418.72 1.17389
7419.37 1.16473
7420.02 1.16205
7420.67 1.16619
7421.32 1.17647
7421.97 1.19127
7422.62 1.20845
7423.27 1.22575
7423.92 1.24123
7424.56 1.25353
7425.21 1.26188
7425.86 1.26601
7426.51 1.26604
7427.16 1.26244
7427.81 1.25604
7428.46 1.24807
7429.11 1.23995
7429.76 1.23308
7430.41 1.22845
7431.06 1.22633
7431.71 1.22629
7432.36 1.22739
7433.01 1.22853
7433.66 1.22887
7434.31 1.228
7434.96 1.22598
7435.61 1.22316
7436.26 1.22005
7436.91 1.21717
7437.55 1.215
7438.2 1.21387
7438.85 1.21398
7439.5 1.21541
7440.15 1.21817
7440.8 1.22228
7441.45 1.22787
7442.1 1.23514
7442.75 1.2442
7443.4 1.25493
7444.05 1.26673
7444.7 1.27851
7445.35 1.28882
7446.0 1.29617
7446.65 1.29943
7447.3 1.29815
7447.95 1.29269
7448.6 1.28413
7449.25 1.27397
7449.9 1.26372
7450.55 1.25457
7451.2 1.24706
7451.84 1.24112
7452.49 1.23632
7453.14 1.23217
7453.79 1.22855
7454.44 1.22591
7455.09 1.22526
7455.74 1.22779
7456.39 1.23449
7457.04 1.24561
7457.69 1.26044
7458.34 1.27729
7458.99 1.29384
7459.64 1.3076
7460.29 1.31655
7460.94 1.31954
7461.59 1.3166
7462.24 1.3089
7462.89 1.29836
7463.54 1.28718
7464.19 1.27714
7464.83 1.2691
7465.48 1.26281
7466.13 1.25711
7466.78 1.2504
7467.43 1.24133
7468.08 1.22932
7468.73 1.2148
7469.38 1.19912
7470.03 1.18394
7470.68 1.17082
7471.33 1.1607
7471.98 1.15382
7472.63 1.14992
7473.28 1.14862
7473.93 1.14981
7474.58 1.15389
7475.23 1.16174
7475.88 1.17439
7476.53 1.19255
7477.18 1.21613
7477.83 1.24399
7478.47 1.27395
7479.12 1.30317
7479.77 1.32881
7480.42 1.34854
7481.07 1.36098
7481.72 1.36574
7482.37 1.36332
7483.02 1.35477
7483.67 1.34155
7484.32 1.3253
7484.97 1.30778
7485.62 1.2908
7486.27 1.27591
7486.92 1.26425
7487.57 1.25637
7488.22 1.25219
7488.87 1.25117
7489.52 1.25252
7490.17 1.25552
7490.82 1.25961
7491.47 1.26453
7492.11 1.27018
7492.76 1.27646
7493.41 1.28318
7494.06 1.29005
7494.71 1.29676
7495.36 1.30313
7496.01 1.30921
7496.66 1.31531
7497.31 1.32181
7497.96 1.32904
7498.61 1.33703
7499.26 1.34548
7499.91 1.35374
7500.56 1.36097
7501.21 1.36628
7501.86 1.36905
7502.51 1.36912
7503.16 1.36702
7503.81 1.36399
7504.46 1.36178
7505.1 1.36218
7505.75 1.36647
7506.4 1.37488
7507.05 1.38635
7507.7 1.3988
7508.35 1.4097
7509.0 1.41679
7509.65 1.41883
7510.3 1.4158
7510.95 1.40885
7511.6 1.39972
7512.25 1.39028
7512.9 1.38196
7513.55 1.37561
7514.2 1.37153
7514.85 1.36968
7515.5 1.36982
7516.15 1.37172
7516.8 1.37519
7517.45 1.38023
7518.1 1.387
7518.75 1.39597
7519.4 1.40779
7520.04 1.42303
7520.69 1.44174
7521.34 1.46306
7521.99 1.485
7522.64 1.50466
7523.29 1.51878
7523.94 1.52456
7524.59 1.5204
7525.24 1.50634
7525.89 1.48393
7526.54 1.45587
7527.19 1.42531
7527.84 1.39529
7528.49 1.36831
7529.14 1.34608
7529.79 1.32943
7530.44 1.31836
7531.09 1.31222
7531.74 1.30998
7532.39 1.3106
7533.03 1.3134
7533.68 1.31815
7534.33 1.32507
7534.98 1.33445
7535.63 1.34622
7536.28 1.3597
7536.93 1.3735
7537.58 1.38591
7538.23 1.39532
7538.88 1.40083
7539.53 1.40253
7540.18 1.40146
7540.83 1.39932
7541.48 1.39793
7542.13 1.39877
7542.78 1.40256
7543.43 1.40917
7544.08 1.41768
7544.73 1.42663
7545.38 1.43441
7546.02 1.43951
7546.67 1.44096
7547.32 1.43852
7547.97 1.43279
7548.62 1.42505
7549.27 1.41693
7549.92 1.40996
7550.57 1.40511
7551.22 1.40261
7551.87 1.40194
7552.52 1.40215
7553.17 1.40228
7553.82 1.4017
7554.47 1.40024
7555.12 1.39815
7555.77 1.39588
7556.42 1.39384
7557.07 1.39225
7557.72 1.39109
7558.37 1.39016
7559.02 1.38919
7559.67 1.38796
7560.31 1.38636
7560.96 1.38445
7561.61 1.38242
7562.26 1.38053
7562.91 1.37896
7563.56 1.3778
7564.21 1.37703
7564.86 1.37656
7565.51 1.37626
7566.16 1.37597
7566.81 1.37545
7567.46 1.37429
7568.11 1.37186
7568.76 1.36743
7569.41 1.36042
7570.06 1.35068
7570.71 1.33872
7571.36 1.32575
7572.01 1.31344
7572.66 1.30355
7573.3 1.2974
7573.95 1.29554
7574.6 1.29757
7575.25 1.30225
7575.9 1.30788
7576.55 1.31277
7577.2 1.31564
7577.85 1.31578
7578.5 1.31304
7579.15 1.30745
7579.8 1.29895
7580.45 1.28712
7581.1 1.27133
7581.75 1.2511
7582.4 1.22668
7583.05 1.19944
7583.7 1.17196
7584.35 1.14756
7585.0 1.12951
7585.65 1.12016
7586.29 1.12015
7586.94 1.12823
7587.59 1.14144
7588.24 1.15573
7588.89 1.16673
7589.54 1.17047
7590.19 1.16393
7590.84 1.14541
7591.49 1.11471
7592.14 1.07312
7592.79 1.02325
7593.44 0.968566
7594.09 0.912786
7594.74 0.859203
7595.39 0.810075
7596.04 0.766312
7596.69 0.727573
7597.34 0.69263
7597.99 0.659974
7598.64 0.628321
7599.29 0.597004
7599.94 0.566009
7600.58 0.53583
7601.23 0.507239
7601.88 0.480999
7602.53 0.45768
7603.18 0.437566
7603.83 0.420657
7604.48 0.406724
7605.13 0.395486
7605.78 0.386703
7606.43 0.380343
7607.08 0.376597
7607.73 0.375871
7608.38 0.378624
7609.03 0.385257
7609.68 0.395968
7610.33 0.410775
7610.98 0.429598
7611.63 0.452495
7612.28 0.479763
7612.93 0.512036
7613.58 0.550152
7614.22 0.59477
7614.87 0.64589
7615.52 0.702318
7616.17 0.761388
7616.82 0.819017
7617.47 0.870193
7618.12 0.909822
7618.77 0.933695
7619.42 0.939381
7620.07 0.926697
7620.72 0.897748
7621.37 0.856502
7622.02 0.807989
7622.67 0.75734
7623.32 0.708991
7623.97 0.666082
7624.62 0.630318
7625.27 0.602176
7625.92 0.581335
7626.57 0.567126
7627.21 0.558896
7627.86 0.556088
7628.51 0.55823
7629.16 0.564803
7629.81 0.575183
7630.46 0.588573
7631.11 0.604114
7631.76 0.620921
7632.41 0.638259
7633.06 0.655629
7633.71 0.6729
7634.36 0.690233
7635.01 0.707863
7635.66 0.725867
7636.31 0.743857
7636.96 0.761002
7637.61 0.776229
7638.26 0.788677
7638.91 0.798093
7639.56 0.804996
7640.21 0.810574
7640.85 0.816286
7641.5 0.823491
7642.15 0.833121
7642.8 0.845584
7643.45 0.860734
7644.1 0.877907
7644.75 0.89598
7645.4 0.913506
7646.05 0.928977
7646.7 0.941245
7647.35 0.949869
7648.0 0.955297
7648.65 0.958688
7649.3 0.961428
7649.95 0.964567
7650.6 0.968396
7651.25 0.972359
7651.9 0.975362
7652.55 0.976137
7653.2 0.973687
7653.85 0.967424
7654.49 0.957209
7655.14 0.94321
7655.79 0.925808
7656.44 0.905618
7657.09 0.883538
7657.74 0.860819
7658.39 0.838969
7659.04 0.81959
7659.69 0.804071
7660.34 0.793359
7660.99 0.787812
7661.64 0.787217
7662.29 0.790969
7662.94 0.798226
7663.59 0.808069
7664.24 0.819558
7664.89 0.831745
7665.54 0.843632
7666.19 0.854188
7666.84 0.862482
7667.48 0.867882
7668.13 0.87025
7668.78 0.870094
7669.43 0.868499
7670.08 0.866946
7670.73 0.866946
7671.38 0.869673
7672.03 0.875686
7672.68 0.884847
7673.33 0.896353
7673.98 0.909011
7674.63 0.921459
7675.28 0.932413
7675.93 0.940829
7676.58 0.945991
7677.23 0.947583
7677.88 0.945652
7678.53 0.940684
7679.18 0.933553
7679.83 0.925471
7680.48 0.917831
7681.12 0.911989
7681.77 0.909026
7682.42 0.909543
7683.07 0.913577
7683.72 0.92065
7684.37 0.92999
7685.02 0.940692
7685.67 0.951908
7686.32 0.962925
7686.97 0.973145
7687.62 0.982102
7688.27 0.989464
7688.92 0.99508
7689.57 0.999141
7690.22 1.0022
7690.87 1.00515
7691.52 1.00901
7692.17 1.01469
7692.82 1.02262
7693.47 1.03249
7694.12 1.04316
7694.77 1.05281
7695.41 1.05933
7696.06 1.06094
7696.71 1.05669
7697.36 1.04689
7698.01 1.03309
7698.66 1.01777
7699.31 1.00372
7699.96 0.993244
7700.61 0.987691
7701.26 0.987197
7701.91 0.990869
7702.56 0.997177
7703.21 1.00451
7703.86 1.01156
7704.51 1.01755
7705.16 1.02226
7705.81 1.02595
7706.46 1.0292
7707.11 1.03273
7707.76 1.03725
7708.41 1.04319
7709.05 1.05041
7709.7 1.05804
7710.35 1.06456
7711.0 1.06812
7711.65 1.06709
7712.3 1.06069
7712.95 1.04932
7713.6 1.03449
7714.25 1.01834
7714.9 1.00301
7715.55 0.990099
7716.2 0.980333
7716.85 0.973755
7717.5 0.969991
7718.15 0.968621
7718.8 0.969297
7719.45 0.971754
7720.1 0.975698
7720.75 0.980675
7721.4 0.986137
7722.04 0.991534
7722.69 0.996454
7723.34 1.00078
7723.99 1.00471
7724.64 1.00858
7725.29 1.0128
7725.94 1.0176
7726.59 1.02296
7727.24 1.0286
7727.89 1.03406
7728.54 1.03877
7729.19 1.04219
7729.84 1.04393
7730.49 1.04384
7731.14 1.04208
7731.79 1.03912
7732.44 1.03576
7733.09 1.03301
7733.74 1.0318
7734.39 1.03276
7735.04 1.03603
7735.68 1.04112
7736.33 1.04705
7736.98 1.0526
7737.63 1.05664
7738.28 1.05835
7738.93 1.05736
7739.58 1.05369
7740.23 1.0477
7740.88 1.03998
7741.53 1.03136
7742.18 1.02281
7742.83 1.01539
7743.48 1.01007
7744.13 1.0074
7744.78 1.00718
7745.43 1.00835
7746.08 1.00912
7746.73 1.00741
7747.38 1.00151
7748.03 0.990742
7748.68 0.975855
7749.32 0.959055
7749.97 0.943485
7750.62 0.93246
7751.27 0.928557
7751.92 0.932918
7752.57 0.944993
7753.22 0.962667
7753.87 0.982717
7754.52 1.00138
7755.17 1.01487
7755.82 1.01989
7756.47 1.01406
7757.12 0.996548
7757.77 0.968484
7758.42 0.93323
7759.07 0.896098
7759.72 0.86342
7760.37 0.841178
7761.02 0.833485
7761.67 0.841574
7762.31 0.863476
7762.96 0.894693
7763.61 0.929537
7764.26 0.962475
7764.91 0.98942
7765.56 1.00828
7766.21 1.01892
7766.86 1.02259
7767.51 1.0211
7768.16 1.01608
7768.81 1.00852
7769.46 0.998739
7770.11 0.98666
7770.76 0.972172
7771.41 0.955614
7772.06 0.937865
7772.71 0.920375
7773.36 0.904848
7774.01 0.892883
7774.66 0.885707
7775.31 0.884008
7775.96 0.887957
7776.6 0.897278
7777.25 0.911351
7777.9 0.92926
7778.55 0.949811
7779.2 0.971588
7779.85 0.992982
7780.5 1.01244
7781.15 1.02869
7781.8 1.04096
7782.45 1.04926
7783.1 1.05431
7783.75 1.05746
7784.4 1.06037
7785.05 1.06472
7785.7 1.07186
7786.35 1.08251
7787.0 1.09662
7787.65 1.11341
7788.3 1.13161
7788.95 1.14979
7789.6 1.16676
7790.24 1.18183
7790.89 1.19489
7791.54 1.20619
7792.19 1.21609
7792.84 1.22479
7793.49 1.23227
7794.14 1.23827
7794.79 1.24257
7795.44 1.24498
7796.09 1.2455
7796.74 1.24409
7797.39 1.24065
7798.04 1.23491
7798.69 1.22658
7799.34 1.2156
7799.99 1.20234
7800.64 1.18771
7801.29 1.17308
7801.94 1.15992
7802.59 1.14954
7803.23 1.14273
7803.88 1.13971
7804.53 1.14023
7805.18 1.14378
7805.83 1.14979
7806.48 1.15778
7807.13 1.16731
7807.78 1.17792
7808.43 1.18902
7809.08 1.19983
7809.73 1.20936
7810.38 1.21657
7811.03 1.22043
7811.68 1.21997
7812.33 1.21445
7812.98 1.20337
7813.63 1.18651
7814.28 1.16408
7814.93 1.13676
7815.58 1.10579
7816.23 1.07289
7816.87 1.04017
7817.52 1.00985
7818.17 0.983923
7818.82 0.963862
7819.47 0.950381
7820.12 0.943437
7820.77 0.94238
7821.42 0.94625
7822.07 0.954022
7822.72 0.964808
7823.37 0.977846
7824.02 0.992417
7824.67 1.00765
7825.32 1.02248
7825.97 1.03566
7826.62 1.04597
7827.27 1.05246
7827.92 1.05472
7828.57 1.05296
7829.22 1.04797
7829.87 1.04093
7830.51 1.03313
7831.16 1.02588
7831.81 1.02036
7832.46 1.01753
7833.11 1.01819
7833.76 1.02267
7834.41 1.03073
7835.06 1.04121
7835.71 1.05208
7836.36 1.06073
7837.01 1.06456
7837.66 1.06181
7838.31 1.0522
7838.96 1.03719
7839.61 1.01973
7840.26 1.00329
7840.91 0.990936
7841.56 0.984392
7842.21 0.983635
7842.86 0.98715
7843.5 0.992747
7844.15 0.998359
7844.8 1.00293
7845.45 1.00666
7846.1 1.01089
7846.75 1.01763
7847.4 1.02901
7848.05 1.04675
7848.7 1.07178
7849.35 1.10401
7850.0 1.14224
7850.65 1.18409
7851.3 1.22628
7851.95 1.26505
7852.6 1.29675
7853.25 1.3187
7853.9 1.3298
7854.55 1.33079
7855.2 1.32396
7855.85 1.31251
7856.5 1.29957
7857.15 1.28753
7857.79 1.27756
7858.44 1.26972
7859.09 1.26327
7859.74 1.25717
7860.39 1.25054
7861.04 1.24285
7861.69 1.23415
7862.34 1.22495
7862.99 1.216
7863.64 1.20807
7864.29 1.20154
7864.94 1.19622
7865.59 1.19138
7866.24 1.18591
7866.89 1.17892
7867.54 1.17015
7868.19 1.16017
7868.84 1.1503
7869.49 1.14224
7870.14 1.13743
7870.79 1.1367
7871.43 1.13996
7872.08 1.14639
7872.73 1.15454
7873.38 1.16278
7874.03 1.16946
7874.68 1.17308
7875.33 1.17241
7875.98 1.1666
7876.63 1.15537
7877.28 1.13922
7877.93 1.11954
7878.58 1.09854
7879.23 1.07902
7879.88 1.06383
7880.53 1.05532
7881.18 1.05471
7881.83 1.06174
7882.48 1.0747
7883.13 1.09064
7883.78 1.10603
7884.42 1.11749
7885.07 1.12251
7885.72 1.12003
7886.37 1.11072
7887.02 1.09679
7887.67 1.08164
7888.32 1.06905
7888.97 1.06244
7889.62 1.06401
7890.27 1.07432
7890.92 1.09217
7891.57 1.11495
7892.22 1.13929
7892.87 1.16192
7893.52 1.18032
7894.17 1.19319
7894.82 1.20046
7895.47 1.20299
7896.12 1.20214
7896.77 1.19924
7897.42 1.19524
7898.06 1.19061
7898.71 1.18551
7899.36 1.18004
7900.01 1.17445
7900.66 1.16923
7901.31 1.16494
7901.96 1.16202
7902.61 1.1604
7903.26 1.15946
7903.91 1.1581
7904.56 1.15519
7905.21 1.14991
7905.86 1.14216
7906.51 1.13257
7907.16 1.12239
7907.81 1.11305
7908.46 1.10579
7909.11 1.10128
7909.76 1.09957
7910.41 1.10009
7911.06 1.10193
7911.7 1.10409
7912.35 1.10567
7913.0 1.1061
7913.65 1.10511
7914.3 1.10278
7914.95 1.09936
7915.6 1.09522
7916.25 1.09061
7916.9 1.08567
7917.55 1.08032
7918.2 1.0744
7918.85 1.06771
7919.5 1.06016
7920.15 1.05187
7920.8 1.04318
7921.45 1.03463
7922.1 1.02679
7922.75 1.02019
7923.4 1.01523
7924.05 1.01226
7924.69 1.0116
7925.34 1.0136
7925.99 1.01853
7926.64 1.02649
7927.29 1.03728
7927.94 1.05039
7928.59 1.06513
7929.24 1.08079
7929.89 1.09683
7930.54 1.11284
7931.19 1.12842
7931.84 1.14297
7932.49 1.15563
7933.14 1.16534
7933.79 1.17126
7934.44 1.17303
7935.09 1.171
7935.74 1.16616
7936.39 1.1599
7937.04 1.15353
7937.69 1.14799
7938.34 1.14374
7938.98 1.14077
7939.63 1.13892
7940.28 1.13818
7940.93 1.13873
7941.58 1.14102
7942.23 1.14544
7942.88 1.15197
7943.53 1.15989
7944.18 1.16765
7944.83 1.17313
7969.51 1.01969
7970.16 1.02046
7970.81 1.02039
7971.46 1.02077
7972.11 1.0229
7972.76 1.02783
7973.41 1.03611
7974.06 1.0477
7974.71 1.06201
7975.36 1.07797
7976.01 1.09411
7976.66 1.10867
7977.31 1.11976
7977.96 1.12566
7978.61 1.12517
7979.25 1.1179
7979.9 1.10447
7980.55 1.08648
7981.2 1.06615
7981.85 1.04586
7982.5 1.02763
7983.15 1.0128
7983.8 1.0019
7984.45 0.994663
7985.1 0.990251
7985.75 0.987424
7986.4 0.984656
7987.05 0.980213
7987.7 0.972299
7988.35 0.959242
7989.0 0.939964
7989.65 0.914389
7990.3 0.883856
7990.95 0.851143
7991.6 0.820134
7992.25 0.794928
7992.89 0.778852
7993.54 0.773574
7994.19 0.778702
7994.84 0.792042
7995.49 0.810396
7996.14 0.830504
7996.79 0.849887
7997.44 0.867219
7998.09 0.882213
7998.74 0.89529
7999.39 0.907133
8000.04 0.918421
8000.69 0.92972
8001.34 0.941485
8001.99 0.954124
8002.64 0.968007
8003.29 0.983349
8003.94 1.00014
8004.59 1.01795
8005.24 1.03595
8005.88 1.05304
8006.53 1.06809
8007.18 1.08032
8007.83 1.08964
8008.48 1.09688
8009.13 1.10365
8009.78 1.11193
8010.43 1.12322
8011.08 1.1379
8011.73 1.1547
8012.38 1.17076
8013.03 1.18231
8013.68 1.18566
8014.33 1.17831
8014.98 1.15976
8015.63 1.13164
8016.28 1.0973
8016.93 1.06099
8017.58 1.02695
8018.23 0.998758
8018.88 0.97899
8019.53 0.969285
8020.17 0.970522
8020.82 0.983116
8021.47 1.00716
8022.12 1.04242
8022.77 1.08809
8023.42 1.14239
8024.07 1.20223
8024.72 1.26308
8025.37 1.31931
8026.02 1.36503
8026.67 1.39522
8027.32 1.40694
8027.97 1.40004
8028.62 1.37721
8029.27 1.34319
8029.92 1.30354
8030.57 1.26345
8031.22 1.2267
8031.87 1.19539
8032.52 1.17
8033.17 1.14974
8033.81 1.13317
8034.46 1.11858
8035.11 1.10447
8035.76 1.08979
8036.41 1.07415
8037.06 1.05793
8037.71 1.04213
8038.36 1.02815
8039.01 1.01749
8039.66 1.01134
8040.31 1.01038
8040.96 1.01473
8041.61 1.02397
8042.26 1.03727
8042.91 1.0536
8043.56 1.07181
8044.21 1.09072
8044.86 1.10916
8045.51 1.126
8046.16 1.14022
8046.81 1.15118
8047.45 1.15876
8048.1 1.16352
8048.75 1.16661
8049.4 1.16945
8050.05 1.17324
8050.7 1.17849
8051.35 1.18489
8052.0 1.19131
8052.65 1.19645
8053.3 1.19918
8053.95 1.19905
8054.6 1.19626
8055.25 1.19137
8055.9 1.18485
8056.55 1.17673
8057.2 1.16648
8057.85 1.15322
8058.5 1.13614
8059.15 1.11494
8059.8 1.09016
8060.44 1.06327
8061.09 1.03637
8061.74 1.01186
8062.39 0.991811
8063.04 0.977586
8063.69 0.969566
8064.34 0.967187
8064.99 0.969233
8065.64 0.974293
8066.29 0.981186
8066.94 0.989276
8067.59 0.99847
8068.24 1.00904
8068.89 1.02126
8069.54 1.03504
8070.19 1.04972
8070.84 1.06404
8071.49 1.07653
8072.14 1.0859
8072.79 1.09143
8073.44 1.09328
8074.08 1.09239
8074.73 1.09028
8075.38 1.08863
8076.03 1.08891
8076.68 1.09214
8077.33 1.09879
8077.98 1.10882
8078.63 1.12169
8079.28 1.13639
8079.93 1.15143
8080.58 1.16494
8081.23 1.17479
8081.88 1.17902
8082.53 1.17625
8083.18 1.16608
8083.83 1.1494
8084.48 1.12832
8085.13 1.10582
8085.78 1.08512
8086.43 1.06901
8087.08 1.05929
8087.73 1.05639
8088.37 1.05956
8089.02 1.06713
8089.67 1.07714
8090.32 1.08783
8090.97 1.09808
8091.62 1.1075
8092.27 1.11628
8092.92 1.12483
8093.57 1.13345
8094.22 1.14204
8094.87 1.15001
8095.52 1.15641
8096.17 1.16032
8096.82 1.16114
8097.47 1.15886
8098.12 1.15409
8098.77 1.1479
8099.42 1.14139
8100.07 1.13539
8100.72 1.13019
8101.36 1.1255
8102.01 1.12061
8102.66 1.11472
8103.31 1.10728
8103.96 1.09809
8104.61 1.08743
8105.26 1.07582
8105.91 1.06389
8106.56 1.05219
8107.21 1.04121
8107.86 1.03142
8108.51 1.02335
8109.16 1.01761
8109.81 1.01476
8110.46 1.01522
8111.11 1.01901
8111.76 1.02577
8112.41 1.03476
8113.06 1.04509
8113.71 1.05596
8114.35 1.06682
8115.0 1.07749
8115.65 1.08817
8116.3 1.09932
8116.95 1.11145
8117.6 1.12494
8118.25 1.13971
8118.9 1.15515
8119.55 1.17003
8120.2 1.18278
8120.85 1.19187
8121.5 1.19624
8122.15 1.19571
8122.8 1.19103
8123.45 1.18377
8124.1 1.17587
8124.75 1.16913
8125.4 1.16489
8126.05 1.16372
8126.7 1.16543
8127.35 1.16916
8128.0 1.17357
8128.64 1.17714
8129.29 1.17846
8129.94 1.17654
8130.59 1.17104
8131.24 1.16244
8131.89 1.1519
8132.54 1.14108
8133.19 1.13173
8133.84 1.12538
8134.49 1.12304
8135.14 1.1251
8135.79 1.13131
8136.44 1.14091
8137.09 1.15274
8137.74 1.16536
8138.39 1.17721
8139.04 1.18682
8139.69 1.19303
8140.34 1.19519
8140.99 1.19344
8141.63 1.18865
8142.28 1.18246
8142.93 1.17681
8143.58 1.17346
8144.23 1.17362
8144.88 1.17751
8145.53 1.18435
8146.18 1.19263
8146.83 1.20054
8147.48 1.2065
8148.13 1.20954
8148.78 1.20943
8149.43 1.20655
8150.08 1.20155
8150.73 1.19507
8151.38 1.18748
8152.03 1.1789
8152.68 1.16935
8153.33 1.15892
8153.98 1.148
8154.62 1.13729
8155.27 1.12768
8155.92 1.12008
8156.57 1.1151
8157.22 1.11289
8157.87 1.11304
8158.52 1.11468
8159.17 1.11672
8159.82 1.11813
8160.47 1.11832
8161.12 1.11727
8161.77 1.11565
8162.42 1.1146
8163.07 1.11536
8163.72 1.11886
8164.37 1.12542
8165.02 1.13456
8165.67 1.1451
8166.32 1.15551
8166.97 1.16431
8167.62 1.17046
8168.27 1.17354
8168.92 1.17381
8169.56 1.172
8170.21 1.16909
8170.86 1.16598
8171.51 1.16326
8172.16 1.16111
8172.81 1.15924
8173.46 1.15706
8174.11 1.15383
8174.76 1.14898
8175.41 1.14234
8176.06 1.13429
8176.71 1.12573
8177.36 1.11788
8178.01 1.11198
8178.66 1.10901
8179.31 1.10955
8179.96 1.11369
8180.61 1.12102
8181.26 1.13086
8181.91 1.14222
8182.55 1.15404
8183.2 1.16527
8183.85 1.17501
8184.5 1.18263
8185.15 1.18781
8185.8 1.19057
8186.45 1.19113
8187.1 1.18978
8187.75 1.18673
8188.4 1.18191
8189.05 1.17502
8189.7 1.16565
8190.35 1.15348
8191.0 1.13857
8191.65 1.1215
8192.3 1.10328
8192.95 1.0851
8193.6 1.06797
8194.25 1.0525
8194.9 1.03887
8195.54 1.02703
8196.19 1.01696
8196.84 1.00897
8197.49 1.00364
8198.14 1.00172
8198.79 1.00375
8199.44 1.00978
8200.09 1.01916
8200.74 1.03053
8201.39 1.04211
8202.04 1.05203
8202.69 1.05876
8203.34 1.06147
8203.99 1.0603
8204.64 1.05627
8205.29 1.05112
8205.94 1.04675
8206.59 1.04481
8207.24 1.04623
8207.89 1.0511
8208.54 1.05874
8209.18 1.06807
8209.83 1.07795
8210.48 1.08752
8211.13 1.09638
8211.78 1.10454
8212.43 1.11232
8213.08 1.12018
8213.73 1.1286
8214.38 1.13797
8215.03 1.14856
8215.68 1.16047
8216.33 1.17364
8216.98 1.18779
8217.63 1.20239
8218.28 1.21664
8218.93 1.22951
8219.58 1.23979
8220.23 1.2463
8220.88 1.24807
8221.53 1.24468
8222.18 1.23629
8222.83 1.22377
8223.47 1.20852
8224.12 1.19224
8224.77 1.17664
8225.42 1.16314
8226.07 1.15262
8226.72 1.14527
8227.37 1.14057
8228.02 1.13743
8228.67 1.13449
8229.32 1.13048
8229.97 1.12467
8230.62 1.11704
8231.27 1.10845
8231.92 1.10037
8232.57 1.09449
8233.22 1.09231
8233.87 1.09471
8234.52 1.10166
8235.17 1.11228
8235.82 1.12495
8236.46 1.13766
8237.11 1.14844
8237.76 1.15574
8238.41 1.15867
8239.06 1.15721
8239.71 1.15203
8240.36 1.14437
8241.01 1.1357
8241.66 1.12736
8242.31 1.12029
8242.96 1.11488
8243.61 1.11094
8244.26 1.10797
8244.91 1.10532
8245.56 1.10255
8246.21 1.09954
8246.86 1.0966
8247.51 1.09425
8248.16 1.09312
8248.81 1.09376
8249.46 1.09643
8250.1 1.10119
8250.75 1.10783
8251.4 1.11594
8252.05 1.12493
8252.7 1.13403
8253.35 1.14235
8254.0 1.14904
8254.65 1.15343
8255.3 1.15527
8255.95 1.15482
8256.6 1.1528
8257.25 1.15021
8257.9 1.14804
8258.55 1.147
8259.2 1.14735
8259.85 1.14894
8260.5 1.15132
8261.15 1.15387
8261.8 1.15598
8262.45 1.15713
8263.1 1.15693
8263.74 1.15515
8264.39 1.15177
8265.04 1.147
8265.69 1.1412
8266.34 1.13486
8266.99 1.1284
8267.64 1.12208
8268.29 1.11594
8268.94 1.10983
8269.59 1.10349
8270.24 1.09669
8270.89 1.08932
8271.54 1.08138
8272.19 1.07294
8272.84 1.06406
8273.49 1.05469
8274.14 1.04478
8274.79 1.03443
8275.44 1.02414
8276.09 1.01488
8276.73 1.00809
8277.38 1.00536
8278.03 1.00793
8278.68 1.01626
8279.33 1.02979
8279.98 1.04709
8280.63 1.06623
8281.28 1.08542
8281.93 1.10338
8282.58 1.11959
8283.23 1.13413
8283.88 1.14732
8284.53 1.15938
8285.18 1.17023
8285.83 1.17945
8286.48 1.18652
8287.13 1.19094
8287.78 1.19237
8288.43 1.19069
8289.08 1.18577
8289.72 1.17748
8290.38 1.16547
8291.03 1.14925
8291.67 1.12834
8292.32 1.10251
8292.97 1.07226
8293.62 1.03907
8294.27 1.00548
8294.92 0.974777
8295.57 0.95023
8296.22 0.934215
8296.87 0.927424
8297.52 0.928708
8298.17 0.935446
8298.82 0.944455
8299.47 0.952999
8300.12 0.95952
8300.77 0.963801
8301.42 0.96661
8302.07 0.969319
8302.72 0.973315
8303.37 0.979752
8304.02 0.989485
8304.66 1.00304
8305.31 1.02059
8305.96 1.04187
8306.61 1.06617
8307.26 1.09228
8307.91 1.11858
8308.56 1.14319
8309.21 1.16415
8309.86 1.1796
8310.51 1.18815
8311.16 1.18909
8311.81 1.18267
8312.46 1.17011
8313.11 1.15336
8313.76 1.13466
8314.41 1.11604
8315.06 1.09889
8315.71 1.08387
8316.36 1.07106
8317.01 1.06029
8317.65 1.05153
8318.3 1.04503
8318.95 1.04132
8319.6 1.04091
8320.25 1.04394
8320.9 1.05
8321.55 1.05801
8322.2 1.06654
8322.85 1.07422
8323.5 1.08006
8324.15 1.08387
8324.8 1.08616
8325.45 1.08783
8326.1 1.08984
8326.75 1.09275
8327.4 1.09654
8328.05 1.1006
8328.7 1.10396
8329.35 1.10562
8330.0 1.10477
8330.65 1.10102
8331.29 1.09437
8331.94 1.08517
8332.59 1.07393
8333.24 1.06126
8333.89 1.04777
8334.54 1.03408
8335.19 1.02077
8335.84 1.00841
8336.49 0.997494
8337.14 0.988486
8337.79 0.981836
8338.44 0.978045
8339.09 0.977716
8339.74 0.981481
8340.39 0.989782
8341.04 1.0026
8341.69 1.01904
8342.34 1.03726
8342.99 1.05461
8343.64 1.0681
8344.29 1.07522
8344.93 1.07461
8345.58 1.06651
8346.23 1.0526
8346.88 1.0356
8347.53 1.01849
8348.18 1.00382
8348.83 0.993308
8349.48 0.987726
8350.13 0.986989
8350.78 0.990331
8351.43 0.996421
8352.08 1.00349
8352.73 1.00959
8353.38 1.01292
8354.03 1.01234
8354.68 1.00788
8355.33 1.00094
8355.98 0.994136
8356.63 0.990688
8357.28 0.993513
8357.92 1.00432
8358.57 1.02291
8359.22 1.04709
8359.87 1.07301
8360.52 1.09611
8361.17 1.11216
8361.82 1.1183
8362.47 1.11358
8363.12 1.09905
8363.77 1.07741
8364.42 1.05223
8365.07 1.02716
8365.72 1.00519
8366.37 0.988293
8367.02 0.977305
8367.67 0.972011
8368.32 0.971421
8368.97 0.97412
8369.62 0.978606
8370.27 0.983504
8370.92 0.987782
8371.57 0.990807
8372.21 0.992279
8372.86 0.992309
8373.51 0.991272
8374.16 0.98979
8374.81 0.988644
8375.46 0.98863
8376.11 0.990328
8376.76 0.993838
8377.41 0.998655
8378.06 1.00366
8378.71 1.00735
8379.36 1.00837
8380.01 1.00592
8380.66 1.00015
8381.31 0.992286
8381.96 0.984349
8382.61 0.978626
8383.26 0.977035
8383.91 0.980593
8384.56 0.989107
8385.21 1.00122
8385.85 1.01483
8386.5 1.02759
8387.15 1.03748
8387.8 1.0433
8388.45 1.04478
8389.1 1.04266
8389.75 1.03827
8390.4 1.03331
8391.05 1.02929
8391.7 1.02741
8392.35 1.02837
8393.0 1.03255
8393.65 1.04014
8394.3 1.05105
8394.95 1.06489
8395.6 1.08069
8396.25 1.09677
8396.9 1.11091
8397.55 1.12075
8398.2 1.12447
8398.84 1.12137
8399.49 1.1121
8400.14 1.09849
8400.79 1.08301
8401.44 1.0681
8402.09 1.05564
8402.74 1.04666
8403.39 1.04138
8404.04 1.03941
8404.69 1.03992
8405.34 1.04186
8405.99 1.04402
8406.64 1.04526
8407.29 1.04464
8407.94 1.04157
8408.59 1.036
8409.24 1.02837
8409.89 1.01952
8410.54 1.0104
8411.19 1.00191
8411.83 0.994501
8412.49 0.988279
8413.13 0.982925
8413.78 0.97788
8414.43 0.972534
8415.08 0.966481
8415.73 0.959679
8416.38 0.952586
8417.03 0.946095
8417.68 0.941394
8418.33 0.939618
8418.98 0.941543
8419.63 0.947203
8420.28 0.9558
8420.93 0.965658
8421.58 0.97447
8422.23 0.979663
8422.88 0.978833
8423.53 0.970162
8424.18 0.952786
8424.83 0.926982
8425.48 0.894276
8426.12 0.857313
8426.77 0.819504
8427.42 0.784607
8428.07 0.75605
8428.72 0.736475
8429.37 0.727328
8430.02 0.728808
8430.67 0.740023
8431.32 0.759304
8431.97 0.784524
8432.62 0.81336
8433.27 0.8435
8433.92 0.872717
8434.57 0.89904
8435.22 0.92091
8435.87 0.937312
8436.52 0.947844
8437.17 0.952681
8437.82 0.952452
8438.47 0.948079
8439.11 0.94063
8439.76 0.931222
8440.41 0.920878
8441.06 0.910478
8441.71 0.900632
8442.36 0.891679
8443.01 0.883713
8443.66 0.876693
8444.31 0.870581
8444.96 0.865433
8445.61 0.861379
8446.26 0.858543
8446.91 0.856902
8447.56 0.856255
8448.21 0.8563
8448.86 0.856872
8449.51 0.858186
8450.16 0.860948
8450.81 0.866222
8451.46 0.875029
8452.11 0.887809
8452.75 0.903975
8453.41 0.921785
8454.05 0.938676
8454.7 0.951816
8455.35 0.958906
8456.0 0.958716
8456.65 0.951343
8457.3 0.938049
8457.95 0.920908
8458.6 0.902362
8459.25 0.884842
8459.9 0.8705
8460.55 0.86104
8461.2 0.857567
8461.85 0.86049
8462.5 0.869512
8463.15 0.88374
8463.8 0.902013
8464.45 0.923167
8465.1 0.946284
8465.75 0.970699
8466.4 0.995781
8467.04 1.02069
8467.69 1.04421
8468.34 1.06485
8468.99 1.08111
8469.64 1.09184
8470.29 1.09645
8470.94 1.09493
8471.59 1.0877
8472.24 1.07539
8472.89 1.05874
8473.54 1.03878
8474.19 1.01698
8474.84 0.995437
8475.49 0.976794
8476.14 0.963951
8476.79 0.959437
8477.44 0.964777
8478.09 0.979989
8478.74 1.00343
8479.39 1.03197
8480.04 1.06158
8480.68 1.08807
8481.33 1.10785
8481.98 1.1184
8482.63 1.11857
8483.28 1.10854
8483.93 1.08946
8484.58 1.06304
8485.23 1.0312
8485.88 0.995607
8486.53 0.957511
8487.18 0.917712
8487.83 0.876722
8488.48 0.835118
8489.13 0.793909
8489.78 0.754801
8490.43 0.720217
8491.08 0.692959
8491.73 0.675574
8492.38 0.669653
8493.03 0.675307
8493.67 0.691009
8494.32 0.713924
8494.97 0.740582
8495.62 0.767736
8496.27 0.792945
8496.92 0.814907
8497.57 0.833416
8498.22 0.849005
8498.87 0.862492
8499.52 0.874533
8500.17 0.885338
8500.82 0.894551
8501.47 0.901368
8502.12 0.904805
8502.77 0.904143
8503.42 0.899262
8504.07 0.890912
8504.72 0.880605
8505.37 0.870339
8506.02 0.862041
8506.67 0.857118
8507.31 0.85621
8507.96 0.859179
8508.61 0.86534
8509.26 0.873794
8509.91 0.883697
8510.56 0.894451
8511.21 0.905737
8511.86 0.917423
8512.51 0.92945
8513.16 0.941681
8513.81 0.953791
8514.46 0.965196
8515.11 0.975107
8515.76 0.982579
8516.41 0.986689
8517.06 0.986692
8517.71 0.982313
8518.36 0.973882
8519.01 0.962429
8519.66 0.949644
8520.3 0.937594
8520.96 0.928322
8521.6 0.923419
8522.25 0.923658
8522.9 0.928839
8523.55 0.937856
8524.2 0.948968
8524.85 0.960187
8525.5 0.969633
8526.15 0.975833
8526.8 0.977826
8527.45 0.975147
8528.1 0.967677
8528.75 0.955464
8529.4 0.93856
8530.05 0.916984
8530.7 0.89078
8531.35 0.860221
8532.0 0.826035
8532.65 0.789568
8533.29 0.752818
8533.95 0.718295
8534.59 0.688707
8535.24 0.666528
8535.89 0.653592
8536.54 0.650796
8537.19 0.658026
8537.84 0.674285
8538.49 0.698038
8539.14 0.727574
8539.79 0.761295
8540.44 0.79783
8541.09 0.835949
8541.74 0.874394
8542.39 0.911616
8543.04 0.9457
8543.69 0.974475
8544.34 0.995844
8544.99 1.00827
8545.64 1.01123
8546.29 1.00547
8546.94 0.992943
8547.58 0.976472
8548.23 0.959147
8548.88 0.94374
8549.53 0.932218
8550.18 0.92556
8550.83 0.923824
8551.48 0.926395
8552.13 0.932339
8552.78 0.940638
8553.43 0.950363
8554.08 0.960731
8554.73 0.971056
8555.38 0.980752
8556.03 0.98936
8556.68 0.996656
8557.33 1.00272
8557.98 1.00796
8558.63 1.013
8559.28 1.01851
8559.93 1.02489
8560.58 1.03219
8561.22 1.04008
8561.88 1.04802
8562.52 1.05555
8563.17 1.06244
8563.82 1.06879
8564.47 1.07483
8565.12 1.08068
8565.77 1.08616
8566.42 1.09072
8567.07 1.09352
8567.72 1.09376
8568.37 1.09088
8569.02 1.08478
8569.67 1.07581
8570.32 1.06471
8570.97 1.05243
8571.62 1.03998
8572.27 1.0283
8572.92 1.0182
8573.57 1.01032
8574.21 1.00509
8574.87 1.00271
8575.51 1.00316
8576.16 1.00619
8576.81 1.01124
8577.46 1.01753
8578.11 1.02401
8578.76 1.02947
8579.41 1.03282
8580.06 1.03318
8580.71 1.03019
8581.36 1.02405
8582.01 1.01557
8582.66 1.00607
8583.31 0.997044
8583.96 0.989991
8584.61 0.986047
8585.26 0.985741
8585.91 0.988826
8586.56 0.99427
8587.21 1.00046
8587.86 1.00557
8588.5 1.00813
8589.15 1.00736
8589.8 1.00345
8590.45 0.997491
8591.1 0.991135
8591.75 0.986149
8592.4 0.98395
8593.05 0.985278
8593.7 0.990035
8594.35 0.997264
8595.0 1.00535
8595.65 1.01227
8596.3 1.01606
8596.95 1.01521
8597.6 1.00905
8598.25 0.997961
8598.9 0.983266
8599.55 0.966904
8600.2 0.950974
8600.85 0.937277
8601.5 0.92714
8602.14 0.92128
8602.79 0.919967
8603.44 0.923076
8604.09 0.930159
8604.74 0.940448
8605.39 0.952817
8606.04 0.965862
8606.69 0.97811
8607.34 0.988359
8607.99 0.995947
8608.64 1.00089
8609.29 1.00398
8609.94 1.00642
8610.59 1.00964
8611.24 1.01483
8611.89 1.02276
8612.54 1.03356
8613.19 1.04677
8613.84 1.06151
8614.49 1.0768
8615.13 1.09175
8615.79 1.10575
8616.43 1.1184
8617.08 1.12929
8617.73 1.1378
8618.38 1.1429
8619.03 1.14325
8619.68 1.13753
8620.33 1.12484
8620.98 1.10516
8621.63 1.07951
8622.28 1.04996
8622.93 1.01921
8623.58 0.99014
8624.23 0.965205
8624.88 0.946113
8625.53 0.933607
8626.18 0.927586
8626.83 0.927363
8627.48 0.931993
8628.12 0.940503
8628.78 0.951984
8629.42 0.96558
8630.07 0.980347
8630.72 0.99513
8631.37 1.00866
8632.02 1.01965
8632.67 1.02702
8633.32 1.03014
8633.97 1.02897
8634.62 1.02402
8635.27 1.01624
8635.92 1.00679
8636.57 0.996956
8637.22 0.987885
8637.87 0.980554
8638.52 0.975653
8639.17 0.973479
8639.82 0.97398
8640.47 0.976689
8641.12 0.980867
8641.77 0.985612
8642.42 0.989937
8643.06 0.992932
8643.71 0.993765
8644.36 0.991777
8645.01 0.986552
8645.66 0.977934
8646.31 0.966096
8646.96 0.951508
8647.61 0.934855
8648.26 0.916897
8648.91 0.898293
8649.56 0.879332
8650.21 0.859776
8650.86 0.838895
8651.51 0.815699
8652.16 0.789446
8652.81 0.760278
8653.46 0.729697
8654.11 0.700637
8654.76 0.676939
8655.41 0.662433
8656.05 0.659695
8656.7 0.669268
8657.35 0.689357
8658.0 0.716345
8658.65 0.745823
8659.3 0.773798
8659.95 0.797708
8660.6 0.816868
8661.25 0.832255
8661.9 0.845928
8662.55 0.860115
8663.2 0.876493
8663.85 0.895688
8664.5 0.917156
8665.15 0.939476
8665.8 0.960801
8666.45 0.979346
8667.1 0.993886
8667.75 1.00393
8668.4 1.00971
8669.05 1.01201
8669.69 1.01184
8670.34 1.01014
8670.99 1.00758
8671.64 1.0045
8672.29 1.00087
8672.94 0.99649
8673.59 0.991229
8674.24 0.985241
8674.89 0.979077
8675.54 0.973689
8676.19 0.970199
8676.84 0.969506
8677.49 0.972086
8678.14 0.977754
8678.79 0.98581
8679.44 0.995277
8680.09 1.00522
8680.74 1.01493
8681.39 1.024
8682.04 1.03222
8682.68 1.03936
8683.33 1.04513
8683.98 1.0491
8684.63 1.05092
8685.28 1.05042
8685.93 1.04788
8686.58 1.04398
8687.23 1.03974
8687.88 1.03627
8688.53 1.03441
8689.18 1.03462
8689.83 1.03678
8690.48 1.04033
8691.13 1.04442
8691.78 1.04816
8692.43 1.05084
8693.08 1.05201
8693.73 1.05162
8694.38 1.0499
8695.03 1.04729
8695.67 1.04435
8696.33 1.04164
8696.97 1.03966
8697.62 1.03877
8698.27 1.03921
8698.92 1.04101
8699.57 1.04391
8700.22 1.04731
8700.87 1.0503
8701.52 1.05177
8702.17 1.0507
8702.82 1.04642
8703.47 1.03898
8704.12 1.02918
8704.77 1.01845
8705.42 1.00852
8706.07 1.00098
8706.72 0.996813
8707.37 0.996186
8708.02 0.998417
8708.67 1.00224
8709.32 1.00624
8709.97 1.0093
8710.61 1.01096
8711.26 1.0115
8711.91 1.0118
8712.56 1.01295
8713.21 1.01595
8713.86 1.02133
8714.51 1.02907
8715.16 1.03854
8715.81 1.04872
8716.46 1.05836
8717.11 1.06617
8717.76 1.07098
8718.41 1.07194
8719.06 1.06864
8719.71 1.06133
8720.36 1.05086
8721.01 1.0386
8721.66 1.02614
8722.31 1.0149
8722.96 1.00583
8723.6 0.999255
8724.25 0.994911
8724.9 0.992252
8725.55 0.990796
8726.2 0.990336
8726.85 0.991062
8727.5 0.993356
8728.15 0.997602
8728.8 1.00391
8729.45 1.01203
8730.1 1.02138
8730.75 1.03126
8731.4 1.04098
8732.05 1.05
8732.7 1.05803
8733.35 1.06499
8734.0 1.07096
8734.65 1.07614
8735.3 1.0808
8735.95 1.08519
8736.59 1.08948
8737.25 1.09365
8737.89 1.09748
8738.54 1.10058
8739.19 1.10249
8739.84 1.10288
8740.49 1.1017
8741.14 1.09922
8741.79 1.09608
8742.44 1.0931
8743.09 1.09111
8743.74 1.09078
8744.39 1.09239
8745.04 1.09583
8745.69 1.10057
8746.34 1.10577
8746.99 1.11053
8747.64 1.11412
8748.29 1.11617
8748.94 1.11682
8749.59 1.1166
8750.24 1.11627
8750.88 1.11659
8751.53 1.11801
8752.18 1.12079
8752.83 1.12512
8753.48 1.13139
8754.13 1.14039
8754.78 1.15322
8755.43 1.17089
8756.08 1.19366
8756.73 1.22044
8757.38 1.24847
8758.03 1.27366
8758.68 1.29122
8759.33 1.29693
8759.98 1.28809
8760.63 1.26428
8761.28 1.22736
8761.93 1.18101
8762.58 1.12986
8763.23 1.07858
8763.88 1.03116
8764.52 0.990647
8765.17 0.959119
8765.82 0.937851
8766.47 0.927418
8767.12 0.92771
8767.77 0.937808
8768.42 0.955868
8769.07 0.9793
8769.72 1.00514
8770.37 1.03063
8771.02 1.05363
8771.67 1.07296
8772.32 1.08837
8772.97 1.10039
8773.62 1.10997
8774.27 1.11821
8774.92 1.12609
8775.57 1.13429
8776.22 1.14298
8776.87 1.15166
8777.51 1.15928
8778.17 1.16444
8778.81 1.16591
8779.46 1.16314
8780.11 1.1566
8780.76 1.14767
8781.41 1.13836
8782.06 1.13062
8782.71 1.12583
8783.36 1.12444
8784.01 1.12594
8784.66 1.12919
8785.31 1.13286
8785.96 1.13586
8786.61 1.13768
8787.26 1.13839
8787.91 1.13853
8788.56 1.13882
8789.21 1.13985
8789.86 1.14195
8790.51 1.145
8791.16 1.14851
8791.8 1.15162
8792.45 1.1532
8793.1 1.15193
8793.75 1.1465
8794.4 1.13581
8795.05 1.11934
8795.7 1.09747
8796.35 1.07167
8797.0 1.04445
8797.65 1.01906
8798.3 0.999001
8798.95 0.987278
8799.6 0.985844
8800.25 0.995145
8800.9 1.01406
8801.55 1.0401
8802.2 1.06995
8802.85 1.1
8803.5 1.12706
8804.15 1.14876
8804.79 1.16384
8805.44 1.17225
8806.09 1.17491
8806.74 1.17342
8807.39 1.16961
8808.04 1.16511
8808.69 1.16109
8809.34 1.15806
8809.99 1.15594
8810.64 1.15426
8811.29 1.15232
8811.94 1.14942
8812.59 1.14501
8813.24 1.13876
8813.89 1.13059
8814.54 1.1207
8815.19 1.10972
8815.84 1.09855
8816.49 1.08839
8817.14 1.08058
8817.79 1.07616
8818.44 1.07572
8819.08 1.0791
8819.73 1.08544
8820.38 1.09334
8821.03 1.10122
8821.68 1.10772
8822.33 1.11214
8822.98 1.11478
8823.63 1.11709
8824.28 1.12142
8824.93 1.1305
8825.58 1.14646
8826.23 1.16982
8826.88 1.19885
8827.53 1.22956
8828.18 1.25664
8828.83 1.27501
8829.48 1.28136
8830.13 1.27517
8830.78 1.25868
8831.43 1.23604
8832.07 1.21185
8832.72 1.18994
8833.37 1.1726
8834.02 1.16055
8834.67 1.15333
8835.32 1.15002
8835.97 1.14974
8836.62 1.15186
8837.27 1.15603
8837.92 1.16193
8838.57 1.169
8839.22 1.17656
8839.87 1.18369
8840.52 1.18952
8841.17 1.19337
8841.82 1.19489
8842.47 1.19408
8843.12 1.19119
8843.77 1.18659
8844.42 1.18074
8845.06 1.17405
8845.71 1.16693
8846.36 1.15967
8847.01 1.15243
8847.66 1.14511
8848.31 1.13734
8848.96 1.12861
8849.61 1.1184
8850.26 1.10645
8850.91 1.09297
8851.56 1.07876
8852.21 1.06513
8852.86 1.05363
8853.51 1.04578
8854.16 1.0426
8854.81 1.04437
8855.46 1.05051
8856.11 1.05963
8856.76 1.06991
8857.41 1.07948
8858.06 1.08677
8858.71 1.09095
8859.36 1.09193
8860.0 1.09032
8860.65 1.08729
8861.3 1.08436
8861.95 1.08309
8862.6 1.08491
8863.25 1.09079
8863.9 1.10087
8864.55 1.11435
8865.2 1.12933
8865.85 1.14319
8866.5 1.15314
8867.15 1.15698
8867.8 1.15376
8868.45 1.14406
8869.1 1.12981
8869.75 1.11365
8870.4 1.09811
8871.05 1.0849
8871.7 1.07457
8872.35 1.06657
8872.99 1.05967
8873.64 1.05254
8874.29 1.04443
8874.94 1.03535
8875.59 1.02611
8876.24 1.018
8876.89 1.01216
8877.54 1.00916
8878.19 1.00865
8878.84 1.00951
8879.49 1.01023
8880.14 1.00928
8880.79 1.00571
8881.44 0.999219
8882.09 0.990237
8882.74 0.979659
8883.39 0.96866
8884.04 0.958452
8884.69 0.950136
8885.34 0.944574
8885.98 0.942255
8886.63 0.943285
8887.28 0.947338
8887.93 0.953755
8888.58 0.961656
8889.23 0.970086
8889.88 0.978065
8890.53 0.984635
8891.18 0.988929
8891.83 0.990305
8892.48 0.988548
8893.13 0.98398
8893.78 0.977625
8894.43 0.97093
8895.08 0.965483
8895.73 0.962577
8896.38 0.962973
8897.03 0.966768
8897.68 0.973525
8898.33 0.982508
8898.98 0.992853
8899.62 1.00359
8900.27 1.01371
8900.92 1.02217
8901.57 1.02814
8902.22 1.03122
8902.87 1.03176
8903.52 1.03089
8904.17 1.03026
8904.82 1.03151
8905.47 1.03573
8906.12 1.04304
8906.77 1.05254
8907.42 1.06259
8908.07 1.07126
8908.72 1.07692
8909.37 1.07866
8910.02 1.0764
8910.67 1.07111
8911.32 1.06471
8911.97 1.05993
8912.62 1.06015
8913.26 1.06909
8913.91 1.09043
8914.56 1.1272
8915.21 1.18076
8915.86 1.25004
8916.51 1.33063
8917.16 1.41471
8917.81 1.49176
8918.46 1.55042
8919.11 1.58095
8919.76 1.57776
8920.41 1.54092
8921.06 1.47621
8921.71 1.39359
8922.36 1.30464
8923.01 1.21993
8923.66 1.14704
8924.31 1.08984
8924.96 1.04875
8925.61 1.02177
8926.25 1.00568
8926.9 0.997059
8927.55 0.992886
8928.2 0.990905
8928.85 0.98963
8929.5 0.988188
8930.15 0.986117
8930.8 0.983155
8931.45 0.979207
8932.1 0.974203
8932.75 0.96832
8933.4 0.96203
8934.05 0.956078
8934.7 0.951316
8935.35 0.948466
8936.0 0.947879
8936.65 0.949426
8937.3 0.952511
8937.95 0.956228
8938.6 0.959582
8939.25 0.961669
8939.9 0.961796
8940.54 0.959553
8941.19 0.954902
8941.84 0.9482
8942.49 0.940315
8943.14 0.93252
8943.79 0.926393
8944.44 0.923484
8945.09 0.924929
8945.74 0.931165
8946.39 0.941771
8947.04 0.955613
8947.69 0.971065
8948.34 0.986644
8948.99 1.00128
8949.64 1.0145
8950.29 1.02642
8950.94 1.03743
8951.59 1.04774
8952.24 1.05699
8952.89 1.06411
8953.54 1.06737
8954.18 1.06478
8954.83 1.05469
8955.48 1.0365
8956.13 1.01107
8956.78 0.980846
8957.43 0.949423
8958.08 0.920734
8958.73 0.898071
8959.38 0.883277
8960.03 0.876428
8960.68 0.876102
8961.33 0.880051
8961.98 0.886058
8962.63 0.892567
8963.28 0.898973
8963.93 0.905456
8964.58 0.912576
8965.23 0.920757
8965.88 0.929959
8966.53 0.939612
8967.17 0.948816
8967.82 0.95672
8968.47 0.962891
8969.12 0.967581
8969.77 0.971533
8970.42 0.975863
8971.07 0.981643
8971.72 0.989515
8972.37 0.999523
8973.02 1.01112
8973.67 1.02325
8974.32 1.03457
8974.97 1.04369
8975.62 1.04936
8976.27 1.05073
8976.92 1.04745
8977.57 1.03982
8978.22 1.02888
8978.87 1.01622
8979.52 1.00392
8980.17 0.994149
8980.82 0.988836
8981.46 0.989288
8982.11 0.995966
8982.76 1.00841
8983.41 1.02542
8984.06 1.0453
8984.71 1.06615
8985.36 1.08609
8986.01 1.10336
8986.66 1.11646
8987.31 1.12414
8987.96 1.12566
8988.61 1.12095
8989.26 1.11088
8989.91 1.09721
8990.56 1.08244
8991.21 1.06939
8991.86 1.06062
8992.51 1.05804
8993.16 1.06242
8993.81 1.07334
8994.45 1.08917
8995.1 1.10742
8995.75 1.12508
8996.4 1.13918
8997.05 1.14721
8997.7 1.1475
8998.35 1.13947
8999.0 1.12363
8999.65 1.10151
9000.3 1.07545
9000.95 1.0481
9001.6 1.02214
9002.25 0.999856
9002.9 0.982767
9003.55 0.971562
9004.2 0.966111
9004.85 0.965669
9005.5 0.969228
9006.15 0.975788
9006.8 0.984523
9007.45 0.994876
9008.09 1.00642
9008.75 1.01877
9009.39 1.03133
9010.04 1.04323
9010.69 1.05331
9011.34 1.06027
9011.99 1.06295
9012.64 1.06064
9013.29 1.05337
9013.94 1.04195
9014.59 1.02785
9015.24 1.01277
9015.89 0.9982
9016.54 0.985145
9017.19 0.974006
9017.84 0.964816
9018.49 0.957551
9019.14 0.952416
9019.79 0.949976
9020.44 0.950971
9021.08 0.956004
9021.74 0.965162
9022.38 0.977806
9023.03 0.99259
9023.68 1.00773
9024.33 1.02144
9024.98 1.03231
9025.63 1.03958
9026.28 1.0432
9026.93 1.04373
9027.58 1.0421
9028.23 1.03945
9028.88 1.03687
9029.53 1.03538
9030.18 1.0358
9030.83 1.03867
9031.48 1.04421
9032.13 1.05229
9032.78 1.06235
9033.43 1.07348
9034.08 1.08451
9034.73 1.09401
9035.37 1.10057
9036.02 1.10291
9036.67 1.10007
9037.32 1.09167
9037.97 1.07801
9038.62 1.06012
9039.27 1.03966
9039.92 1.01871
9040.57 0.999416
9041.22 0.983606
9041.87 0.97261
9042.52 0.967128
9043.17 0.967279
9043.82 0.972663
9044.47 0.98248
9045.12 0.995596
9045.77 1.01063
9046.42 1.02606
9047.07 1.04039
9047.72 1.05236
9048.37 1.06107
9049.01 1.06616
9049.66 1.06777
9050.31 1.06648
9050.96 1.06313
9051.61 1.05868
9052.26 1.05409
9052.91 1.0502
9053.56 1.04766
9054.21 1.04694
9054.86 1.04819
9055.51 1.05129
9056.16 1.05579
9056.81 1.0609
9057.46 1.06548
9058.11 1.06826
9058.76 1.06803
9059.41 1.06395
9060.06 1.05584
9060.71 1.04435
9061.36 1.03075
9062.0 1.01675
9062.65 1.00394
9063.3 0.993472
9063.95 0.985742
9064.6 0.980423
9065.25 0.976726
9065.9 0.973749
9066.55 0.97085
9067.2 0.967837
9067.85 0.965023
9068.5 0.963074
9069.15 0.96276
9069.8 0.964722
9070.45 0.969262
9071.1 0.976287
9071.75 0.985269
9072.4 0.995305
9073.05 1.0052
9073.7 1.01355
9074.35 1.01894
9075.0 1.02011
9075.64 1.01616
9076.29 1.00679
9076.94 0.992363
9077.59 0.973896
9078.24 0.952956
9078.89 0.931441
9079.54 0.911351
9080.19 0.894543
9080.84 0.882534
9081.49 0.876368
9082.14 0.876481
9082.79 0.882676
9083.44 0.894119
9084.09 0.909471
9084.74 0.92707
9085.39 0.945164
9086.04 0.962187
9086.69 0.976942
9087.34 0.988745
9087.99 0.997508
9088.63 1.00365
9089.29 1.0079
9089.93 1.01107
9090.58 1.01372
9091.23 1.01596
9091.88 1.0174
9092.53 1.01729
9093.18 1.01485
9093.83 1.00962
9094.48 1.00169
9095.13 0.991705
9095.78 0.980706
9096.43 0.969831
9097.08 0.960094
9097.73 0.952198
9098.38 0.946553
9099.03 0.943271
9099.68 0.9422
9100.33 0.942898
9100.98 0.944578
9101.62 0.946266
9102.28 0.94702
9102.92 0.946225
9103.57 0.943871
9104.22 0.94059
9104.87 0.937482
9105.52 0.935712
9106.17 0.936103
9106.82 0.938892
9107.47 0.943617
9108.12 0.949312
9108.77 0.954801
9109.42 0.959031
9110.07 0.96134
9110.72 0.961585
9111.37 0.960122
9112.02 0.957662
9112.67 0.955043
9113.32 0.953031
9113.97 0.952179
9114.62 0.952754
9115.27 0.95479
9115.92 0.958195
9116.56 0.962831
9117.21 0.968539
9117.86 0.975141
9118.51 0.982322
9119.16 0.989629
9119.81 0.99642
9120.46 1.00198
9121.11 1.00566
9121.76 1.00705
9122.41 1.0061
9123.06 1.00311
9123.71 0.998634
9124.36 0.993302
9125.01 0.987644
9125.66 0.981978
9126.31 0.9764
9126.96 0.970854
9127.61 0.965228
9128.26 0.959428
9128.91 0.95342
9129.55 0.947172
9130.21 0.94061
9130.85 0.933529
9131.5 0.925618
9132.15 0.916464
9132.8 0.905679
9133.45 0.893065
9134.1 0.878754
9134.75 0.863331
9135.4 0.847866
9136.05 0.833793
9136.7 0.822666
9137.35 0.815873
9138.0 0.814333
9138.65 0.818253
9139.3 0.827056
9139.95 0.839484
9140.6 0.853843
9141.25 0.868304
9141.9 0.881234
9142.54 0.891381
9143.2 0.897983
9143.84 0.900731
9144.49 0.899636
9145.14 0.894914
9145.79 0.886915
9146.44 0.8761
9147.09 0.86315
9147.74 0.848953
9148.39 0.8346
9149.04 0.821235
9149.69 0.809871
9150.34 0.801172
9150.99 0.795344
9151.64 0.792178
9152.29 0.791172
9152.94 0.791795
9153.59 0.793621
9154.24 0.79642
9154.89 0.800109
9155.54 0.804689
9156.19 0.810182
9156.83 0.816575
9157.48 0.823837
9158.13 0.831861
9158.78 0.840355
9159.43 0.848716
9160.08 0.855991
9160.73 0.860912
9161.38 0.862185
9162.03 0.858827
9162.68 0.85055
9163.33 0.83794
9163.98 0.822509
9164.63 0.806357
9165.28 0.791729
9165.93 0.780519
9166.58 0.773866
9167.23 0.771964
9167.88 0.77415
9168.53 0.779215
9169.18 0.785841
9169.83 0.792953
9170.47 0.799938
9171.12 0.806606
9171.77 0.813052
9172.42 0.819365
9173.07 0.825437
9173.72 0.830912
9174.37 0.835136
9175.02 0.837291
9175.67 0.836413
9176.32 0.831409
9176.97 0.821025
9177.62 0.803821
9178.27 0.778285
9178.92 0.743006
9179.57 0.697017
9180.22 0.640175
9180.87 0.573482
9181.52 0.499205
9182.17 0.42075
9182.82 0.342213
9183.46 0.267771
9184.12 0.201013
9184.76 0.144419
9185.41 0.0990798
9186.06 0.0647871
9186.71 0.0403058
9187.36 0.0238215
9188.01 0.0133561
9188.66 0.00709084
9189.31 0.00356376
9189.96 0.00168856
9190.61 0.000751531
9191.26 0.000311971
9191.91 0.000115793
9192.56 3.93215e-05
9193.21 7.11166e-06
9193.86 -3.6315e-07
9194.51 0.0
9195.16 0.0
9195.81 0.0
9196.46 0.0
9197.11 0.0
9197.75 0.0
9198.4 0.0
9199.05 0.0
9199.7 0.0
9200.35 0.0
9201.0 0.0
9201.65 0.0
9202.3 0.0
9202.95 0.0
9203.6 0.0
9204.25 0.0
9204.9 0.0
9205.55 0.0
9206.2 0.0
9206.85 0.0
9207.5 0.0
9208.15 0.0
9208.8 0.0
9209.45 0.0
9210.1 0.0
9210.75 0.0
9211.39 0.0
9212.04 0.0
9212.69 0.0
9213.34 0.0
9213.99 0.0
9214.64 0.0
9215.29 0.0
9215.94 0.0
9216.59 0.0
9217.24 0.0
9217.89 0.0
9218.54 0.0
9219.19 0.0
9219.84 0.0
9220.49 0.0
9221.14 0.0
9221.79 0.0
9222.44 0.0
9223.09 0.0
9223.74 0.0
9224.38 0.0
9225.03 0.0
9225.68 0.0
9226.33 0.0
9226.98 0.0
9227.63 0.0
9228.28 0.0
9228.93 0.0
9229.58 0.0
9230.23 0.0
9230.88 0.0
9231.53 0.0
9232.18 0.0
9232.83 0.0
9233.48 0.0
9234.13 0.0
9234.78 0.0
