6624.05 1.92415
6624.7 1.92453
6625.35 1.92516
6626.0 1.92639
6626.65 1.92846
6627.3 1.93143
6627.95 1.93512
6628.6 1.93914
6629.25 1.94311
6629.9 1.9467
6630.55 1.9498
6631.2 1.95246
6631.85 1.95484
6632.5 1.95705
6633.15 1.95903
6633.8 1.96057
6634.45 1.96131
6635.1 1.96088
6635.75 1.95902
6636.4 1.95572
6637.05 1.95125
6637.7 1.94617
6638.35 1.94123
6639.0 1.93724
6639.65 1.93487
6640.3 1.93461
6640.95 1.9366
6641.6 1.94075
6642.25 1.94675
6642.9 1.95422
6643.55 1.9628
6644.2 1.97214
6644.85 1.98192
6645.5 1.9918
6646.15 2.00135
6646.8 2.01012
6647.45 2.01765
6648.1 2.02362
6648.75 2.02792
6649.4 2.03065
6650.05 2.03214
6650.7 2.03285
6651.35 2.03328
6652.0 2.03384
6652.65 2.03482
6653.3 2.03633
6653.95 2.03835
6654.6 2.0408
6655.25 2.04356
6655.9 2.04654
6656.55 2.04964
6657.2 2.05278
6657.85 2.05582
6658.5 2.05857
6659.15 2.06088
6659.8 2.06266
6660.45 2.06394
6661.1 2.0649
6661.75 2.06584
6662.4 2.06707
6663.05 2.06881
6663.7 2.07112
6664.35 2.0739
6665.0 2.07691
6665.65 2.07988
6666.3 2.08258
6666.95 2.08489
6667.6 2.08677
6668.25 2.0881
6668.9 2.08851
6669.55 2.08729
6670.2 2.08326
6670.85 2.07491
6671.5 2.06065
6672.15 2.03918
6672.8 2.00997
6673.45 1.97369
6674.1 1.93243
6674.75 1.88964
6675.4 1.84979
6676.05 1.81761
6676.7 1.79733
6677.35 1.79177
6678.0 1.80185
6678.65 1.82641
6679.3 1.86252
6679.95 1.9061
6680.6 1.95273
6681.25 1.99833
6681.9 2.03976
6682.55 2.07501
6683.2 2.10322
6683.85 2.12447
6684.5 2.13953
6685.15 2.1495
6685.8 2.15558
6686.45 2.15882
6687.1 2.1601
6687.75 2.16004
6688.4 2.15911
6689.05 2.15771
6689.7 2.15622
6690.35 2.15502
6691.0 2.15445
6691.65 2.15472
6692.3 2.15587
6692.95 2.15772
6693.6 2.15993
6694.25 2.16204
6694.9 2.16367
6695.55 2.16454
6696.2 2.16461
6696.85 2.16402
6697.5 2.16307
6698.15 2.1621
6698.8 2.16144
6699.45 2.16131
6700.1 2.16177
6700.75 2.16279
6701.4 2.16427
6702.05 2.16613
6702.7 2.16837
6703.35 2.17116
6704.0 2.17483
6704.65 2.17979
6705.3 2.18646
6705.95 2.19503
6706.6 2.2053
6707.25 2.2165
6707.9 2.22726
6708.55 2.23573
6709.2 2.23986
6709.85 2.23775
6710.5 2.22814
6711.15 2.21071
6711.8 2.18643
6712.45 2.15751
6713.1 2.1272
6713.75 2.09928
6714.4 2.07728
6715.05 2.0638
6715.7 2.05981
6716.35 2.06456
6717.0 2.07582
6717.65 2.09061
6718.3 2.10608
6718.95 2.1202
6719.6 2.13208
6720.25 2.14187
6720.9 2.1503
6721.55 2.15813
6722.2 2.16575
6722.85 2.17298
6723.5 2.17913
6724.15 2.18323
6724.8 2.18431
6725.45 2.18166
6726.1 2.17508
6726.75 2.16499
6727.4 2.15255
6728.05 2.13952
6728.7 2.12803
6729.35 2.12009
6730.0 2.11718
6730.65 2.11988
6731.3 2.12775
6731.95 2.13948
6732.6 2.15328
6733.25 2.16737
6733.9 2.1803
6734.55 2.19123
6735.2 2.19989
6735.85 2.20646
6736.5 2.21138
6737.15 2.21518
6737.8 2.21836
6738.45 2.22134
6739.1 2.2244
6739.75 2.22772
6740.4 2.23135
6741.05 2.23514
6741.7 2.23882
6742.35 2.24203
6743.0 2.24437
6743.65 2.24552
6744.3 2.24528
6744.95 2.24371
6745.6 2.24103
6746.25 2.23765
6746.9 2.23404
6747.55 2.23067
6748.2 2.2279
6748.85 2.22593
6749.5 2.22482
6750.15 2.22444
6750.8 2.22463
6751.45 2.22521
6752.1 2.22608
6752.75 2.22729
6753.4 2.22902
6754.05 2.2315
6754.7 2.23494
6755.35 2.2394
6756.0 2.24476
6756.65 2.25062
6757.3 2.25641
6757.95 2.26148
6758.6 2.26518
6759.25 2.26705
6759.9 2.26683
6760.55 2.26452
6761.2 2.26035
6761.85 2.25477
6762.5 2.24835
6763.15 2.24173
6763.8 2.23557
6764.45 2.23043
6765.1 2.22677
6765.75 2.22486
6766.4 2.22471
6767.05 2.22611
6767.7 2.22865
6768.35 2.23177
6769.0 2.23491
6769.65 2.23761
6770.3 2.23962
6770.95 2.24089
6771.6 2.2416
6772.25 2.24204
6772.9 2.24248
6773.55 2.24317
6774.2 2.24418
6774.85 2.24545
6775.5 2.24678
6776.15 2.24791
6776.8 2.24857
6777.45 2.24862
6778.1 2.2481
6778.75 2.24719
6779.4 2.24619
6780.05 2.24545
6780.7 2.24526
6781.35 2.24581
6782.0 2.24712
6782.65 2.2491
6783.3 2.25153
6783.95 2.25413
6784.6 2.25659
6785.25 2.2586
6785.9 2.25993
6786.55 2.26042
6787.2 2.26006
6787.85 2.25896
6788.5 2.2573
6789.15 2.25532
6789.8 2.25319
6790.45 2.25102
6791.1 2.24887
6791.75 2.24673
6792.4 2.24463
6793.05 2.24263
6793.7 2.24086
6794.35 2.23948
6795.0 2.23859
6795.65 2.23831
6796.3 2.23869
6796.95 2.23981
6797.6 2.24176
6798.25 2.2447
6798.9 2.24876
6799.55 2.25396
6800.2 2.26014
6800.85 2.26694
6801.5 2.2738
6802.15 2.28015
6802.8 2.28548
6803.45 2.28948
6804.1 2.29212
6804.75 2.29354
6805.4 2.29405
6806.05 2.29395
6806.7 2.29347
6807.35 2.29268
6808.0 2.29153
6808.65 2.28982
6809.3 2.28736
6809.95 2.28402
6810.6 2.27983
6811.25 2.27501
6811.9 2.26995
6812.55 2.26517
6813.2 2.26121
6813.85 2.25854
6814.5 2.25752
6815.15 2.25833
6815.8 2.26094
6816.45 2.26509
6817.1 2.2703
6817.75 2.27592
6818.4 2.28117
6819.05 2.2853
6819.7 2.28765
6820.35 2.28783
6821.0 2.28575
6821.65 2.28165
6822.3 2.27607
6822.95 2.26976
6823.6 2.26354
6824.25 2.25813
6824.9 2.254
6825.55 2.2513
6826.2 2.2498
6826.85 2.24902
6827.5 2.24836
6828.15 2.24727
6828.8 2.24543
6829.45 2.24283
6830.1 2.23977
6830.75 2.23674
6831.4 2.23425
6832.05 2.23273
6832.7 2.23235
6833.35 2.23302
6834.0 2.23441
6834.65 2.23608
6835.3 2.23755
6835.95 2.23849
6836.6 2.23871
6837.25 2.23815
6837.9 2.23686
6838.55 2.2349
6839.2 2.23232
6839.85 2.22919
6840.5 2.22563
6841.15 2.22188
6841.8 2.2183
6842.45 2.21531
6843.1 2.21329
6843.75 2.21248
6844.4 2.21289
6845.05 2.21435
6845.7 2.2165
6846.35 2.21894
6847.0 2.22131
6847.65 2.22333
6848.3 2.22484
6848.95 2.22575
6849.6 2.22598
6850.25 2.2255
6850.9 2.22429
6851.55 2.22246
6852.2 2.22022
6852.85 2.21794
6853.5 2.21604
6854.15 2.21493
6854.8 2.21485
6855.45 2.2158
6856.1 2.21755
6856.75 2.21968
6857.4 2.22176
6858.05 2.22345
6858.7 2.22456
6859.35 2.22508
6860.0 2.22501
6860.65 2.22424
6861.3 2.22229
6861.95 2.21826
6862.6 2.21078
6863.25 2.19813
6863.9 2.17848
6864.55 2.15035
6865.2 2.11299
6865.85 2.06683
6866.5 2.01371
6867.15 1.95675
6867.8 1.90002
6868.45 1.8478
6869.1 1.80384
6869.75 1.77073
6870.4 1.7496
6871.05 1.74012
6871.7 1.74083
6872.35 1.74967
6873.0 1.76437
6873.65 1.78292
6874.3 1.80373
6874.95 1.82575
6875.6 1.84845
6876.25 1.87173
6876.9 1.89573
6877.55 1.92069
6878.2 1.94663
6878.85 1.97318
6879.5 1.99945
6880.15 2.02398
6880.8 2.04497
6881.45 2.06053
6882.1 2.06915
6882.75 2.07005
6883.4 2.06347
6884.05 2.0507
6884.7 2.03378
6885.35 2.01517
6886.0 1.99721
6886.65 1.98176
6887.3 1.96995
6887.95 1.96212
6888.6 1.95798
6889.25 1.95675
6889.9 1.95746
6890.55 1.95918
6891.2 1.96111
6891.85 1.96275
6892.5 1.96392
6893.15 1.96467
6893.8 1.96526
6894.45 1.96605
6895.1 1.96739
6895.75 1.96956
6896.4 1.9727
6897.05 1.9768
6897.7 1.98166
6898.35 1.98697
6899.0 1.99242
6899.65 1.99776
6900.3 2.0029
6900.95 2.00789
6901.6 2.01281
6902.25 2.01776
6902.9 2.02277
6903.55 2.02784
6904.2 2.03289
6904.85 2.03781
6905.5 2.04246
6906.15 2.04667
6906.8 2.0503
6907.45 2.05336
6908.1 2.05604
6908.75 2.05874
6909.4 2.06193
6910.05 2.06598
6910.7 2.071
6911.35 2.07678
6912.0 2.08293
6912.65 2.08899
6913.3 2.09458
6913.95 2.09944
6914.6 2.10346
6915.25 2.10654
6915.9 2.10863
6916.55 2.10974
6917.2 2.10998
6917.85 2.10959
6918.5 2.1089
6919.15 2.10822
6919.8 2.10773
6920.45 2.10741
6921.1 2.10707
6921.75 2.10647
6922.4 2.10542
6923.05 2.1039
6923.7 2.10204
6924.35 2.10004
6925.0 2.0981
6925.65 2.09633
6926.3 2.09471
6926.95 2.09317
6927.6 2.09166
6928.25 2.09018
6928.9 2.08881
6929.55 2.08772
6930.2 2.08705
6930.85 2.08693
6931.5 2.08747
6932.15 2.08877
6932.8 2.09091
6933.45 2.0939
6934.1 2.09759
6934.75 2.10158
6935.4 2.10522
6936.05 2.10773
6936.7 2.10838
6937.35 2.10678
6938.0 2.10301
6938.65 2.09772
6939.3 2.09193
6939.95 2.08678
6940.6 2.08322
6941.25 2.08174
6941.9 2.08228
6942.55 2.0843
6943.2 2.08691
6943.85 2.08923
6944.5 2.09053
6945.15 2.09048
6945.8 2.0892
6946.45 2.0871
6947.1 2.08484
6947.75 2.08298
6948.4 2.08191
6949.05 2.08171
6949.7 2.08217
6950.35 2.08294
6951.0 2.08365
6951.65 2.08403
6952.3 2.08396
6952.95 2.08346
6953.6 2.08265
6954.25 2.08167
6954.9 2.08066
6955.55 2.07974
6956.2 2.07901
6956.85 2.07857
6957.5 2.07851
6958.15 2.07887
6958.8 2.07968
6959.45 2.0809
6960.1 2.08245
6960.75 2.08421
6961.4 2.08602
6962.05 2.08771
6962.7 2.08918
6963.35 2.09041
6964.0 2.09146
6964.65 2.09249
6965.3 2.09365
6965.95 2.095
6966.6 2.09645
6967.25 2.09779
6967.9 2.09874
6968.55 2.09908
6969.2 2.09875
6969.85 2.09788
6970.5 2.09675
6971.15 2.09566
6971.8 2.09484
6972.45 2.09431
6973.1 2.09395
6973.75 2.09348
6974.4 2.09262
6975.05 2.09116
6975.7 2.08901
6976.35 2.08621
6977.0 2.08288
6977.65 2.07917
6978.3 2.07525
6978.95 2.0713
6979.6 2.06751
6980.25 2.06411
6980.9 2.06134
6981.55 2.05946
6982.2 2.05863
6982.85 2.0589
6983.5 2.06016
6984.15 2.06214
6984.8 2.06444
6985.45 2.06658
6986.1 2.06813
6986.75 2.06879
6987.4 2.06845
6988.05 2.0672
6988.7 2.06531
6989.35 2.06316
6990.0 2.06107
6990.65 2.05926
6991.3 2.05777
6991.95 2.05647
6992.6 2.05509
6993.25 2.05336
6993.9 2.05105
6994.55 2.04806
6995.2 2.04443
6995.85 2.04036
6996.5 2.03614
6997.15 2.03212
6997.8 2.02863
6998.45 2.0259
6999.1 2.02402
6999.75 2.02291
7000.4 2.02231
7001.05 2.02189
7001.7 2.02136
7002.35 2.02054
7003.0 2.01945
7003.65 2.0183
7004.3 2.01734
7004.95 2.01681
7005.6 2.01679
7006.25 2.01718
7006.9 2.01772
7007.55 2.01812
7008.2 2.01816
7008.85 2.01783
7009.5 2.01728
7010.15 2.01681
7010.8 2.01672
7011.45 2.01717
7012.1 2.01806
7012.75 2.01906
7013.4 2.01963
7014.05 2.01921
7014.7 2.01736
7015.35 2.01386
7016.0 2.00879
7016.65 2.00246
7017.3 1.99537
7017.95 1.98808
7018.6 1.98114
7019.25 1.975
7019.9 1.96998
7020.55 1.9663
7021.2 1.96405
7021.85 1.96325
7022.5 1.96387
7023.15 1.96582
7023.8 1.96897
7024.45 1.97309
7025.1 1.97783
7025.75 1.98278
7026.4 1.98746
7027.05 1.99141
7027.7 1.99427
7028.35 1.9958
7029.0 1.99599
7029.65 1.99499
7030.3 1.99313
7030.95 1.9908
7031.6 1.98841
7032.25 1.98625
7032.9 1.98451
7033.55 1.98322
7034.2 1.98237
7034.85 1.98193
7035.5 1.98197
7036.15 1.98263
7036.8 1.98411
7037.45 1.98654
7038.1 1.98995
7038.75 1.99421
7039.4 1.99904
7040.05 2.00407
7040.7 2.00893
7041.35 2.01329
7042.0 2.01688
7042.65 2.01949
7043.3 2.02097
7043.95 2.02119
7044.6 2.02007
7045.25 2.01759
7045.9 2.01381
7046.55 2.00893
7047.2 2.00321
7047.85 1.99696
7048.5 1.99046
7049.15 1.98396
7049.8 1.97765
7050.45 1.97167
7051.1 1.96625
7051.75 1.96159
7052.4 1.95796
7053.05 1.95553
7053.7 1.95434
7054.35 1.95421
7055.0 1.95475
7055.65 1.95542
7056.3 1.95558
7056.95 1.95458
7057.6 1.95177
7058.25 1.94651
7058.9 1.93826
7059.55 1.92665
7060.2 1.91162
7060.85 1.89359
7061.5 1.87355
7062.15 1.85305
7062.8 1.834
7063.45 1.81838
7064.1 1.80784
7064.75 1.80343
7065.4 1.80541
7066.05 1.81324
7066.7 1.82579
7067.35 1.84158
7068.0 1.85907
7068.65 1.87687
7069.3 1.89385
7069.95 1.90918
7070.6 1.92227
7071.25 1.93275
7071.9 1.94053
7072.55 1.94569
7073.2 1.9486
7073.85 1.94978
7074.5 1.94986
7075.15 1.94949
7075.8 1.94918
7076.45 1.94927
7077.1 1.94986
7077.75 1.95087
7078.4 1.9521
7079.05 1.9533
7079.7 1.95423
7080.35 1.95477
7081.0 1.95489
7081.65 1.95468
7082.3 1.95428
7082.95 1.95386
7083.6 1.95355
7084.25 1.95341
7084.9 1.9534
7085.55 1.95338
7086.2 1.95315
7086.85 1.95251
7087.5 1.95135
7088.15 1.94967
7088.8 1.94761
7089.45 1.94542
7090.1 1.94341
7090.75 1.94187
7091.4 1.94101
7092.05 1.94092
7092.7 1.94154
7093.35 1.94274
7094.0 1.94428
7094.65 1.9459
7095.3 1.94736
7095.95 1.94841
7096.6 1.94885
7097.25 1.9485
7097.9 1.94728
7098.55 1.94515
7099.2 1.9422
7099.85 1.93866
7100.5 1.93484
7101.15 1.93113
7101.8 1.92794
7102.45 1.92557
7103.1 1.92419
7103.75 1.9237
7104.4 1.92385
7105.05 1.92419
7105.7 1.92425
7106.35 1.92363
7107.0 1.9221
7107.65 1.91961
7108.3 1.91629
7108.95 1.91236
7109.6 1.90808
7110.25 1.90367
7110.9 1.89933
7111.55 1.89522
7112.2 1.89155
7112.85 1.8885
7113.5 1.88627
7114.15 1.88502
7114.8 1.88485
7115.45 1.88574
7116.1 1.88756
7116.75 1.89009
7117.4 1.89303
7118.05 1.89602
7118.7 1.8987
7119.35 1.90076
7120.0 1.90192
7120.65 1.90202
7121.3 1.901
7121.95 1.89892
7122.6 1.89597
7123.25 1.8924
7123.9 1.8885
7124.55 1.88455
7125.2 1.88081
7125.85 1.87749
7126.5 1.87479
7127.15 1.87288
7127.8 1.87189
7128.45 1.87188
7129.1 1.87269
7129.75 1.87402
7130.4 1.87538
7131.05 1.87628
7131.7 1.87631
7132.35 1.87531
7133.0 1.87339
7133.65 1.87089
7134.3 1.86822
7134.95 1.86575
7135.6 1.86368
7136.25 1.86203
7136.9 1.86067
7137.55 1.85941
7138.2 1.85809
7138.85 1.85659
7139.5 1.85486
7140.15 1.85288
7140.8 1.85069
7141.45 1.84835
7142.1 1.84597
7142.75 1.84374
7143.4 1.84186
7144.05 1.84053
7144.7 1.83987
7145.35 1.83985
7146.0 1.84029
7146.65 1.84092
7147.3 1.8414
7147.95 1.84142
7148.6 1.84078
7149.25 1.83939
7149.9 1.83735
7150.55 1.83483
7151.2 1.83206
7151.85 1.82925
7152.5 1.8266
7153.15 1.82427
7153.8 1.82238
7154.45 1.82105
7155.1 1.8204
7155.75 1.82049
7156.4 1.82133
7157.05 1.82281
7157.7 1.82477
7158.35 1.82695
7159.0 1.82913
7159.65 1.83111
7160.3 1.83276
7160.95 1.83405
7161.6 1.83494
7162.25 1.83542
7162.9 1.83541
7163.55 1.83481
7164.2 1.83349
7164.85 1.83131
7165.5 1.82828
7166.15 1.82452
7166.8 1.82034
7167.45 1.8161
7168.1 1.81215
7168.75 1.80869
7169.4 1.80573
7170.05 1.80315
7170.7 1.80073
7171.35 1.79833
7172.0 1.79596
7172.65 1.7937
7173.3 1.79166
7173.95 1.78988
7174.6 1.7883
7175.25 1.78684
7175.9 1.78547
7176.55 1.78432
7177.2 1.78365
7177.85 1.7837
7178.5 1.78454
7179.15 1.78587
7179.8 1.78707
7180.45 1.78726
7181.1 1.78557
7181.75 1.78136
7182.4 1.77441
7183.05 1.76504
7183.7 1.75403
7184.35 1.74261
7185.0 1.73214
7185.65 1.72388
7186.3 1.71871
7186.95 1.71685
7187.6 1.71784
7188.25 1.72064
7188.9 1.7239
7189.55 1.72642
7190.2 1.72747
7190.85 1.72701
7191.5 1.72562
7192.15 1.72426
7192.8 1.72386
7193.45 1.72498
7194.1 1.72756
7194.75 1.73099
7195.4 1.73425
7196.05 1.73623
7196.7 1.73603
7197.35 1.73318
7198.0 1.72776
7198.65 1.72036
7199.3 1.7119
7199.95 1.70344
7200.6 1.69597
7201.25 1.69019
7201.9 1.68641
7202.55 1.68456
7203.2 1.68435
7203.85 1.68535
7204.5 1.68727
7205.15 1.68997
7205.8 1.69352
7206.45 1.69808
7207.1 1.7038
7207.75 1.71071
7208.4 1.71864
7209.05 1.72725
7209.7 1.73603
7210.35 1.74443
7211.0 1.75187
7211.65 1.75784
7212.3 1.76191
7212.95 1.76384
7213.6 1.76358
7214.25 1.76135
7214.9 1.75764
7215.55 1.75313
7216.2 1.74856
7216.85 1.7446
7217.5 1.74168
7218.15 1.7399
7218.8 1.73904
7219.45 1.73868
7220.1 1.7384
7220.75 1.73795
7221.4 1.73737
7222.05 1.73701
7222.7 1.73742
7223.35 1.7391
7224.0 1.74237
7224.65 1.7472
7225.3 1.75323
7225.95 1.75985
7226.6 1.76636
7227.25 1.77206
7227.9 1.77632
7228.55 1.77865
7229.2 1.77868
7229.85 1.77622
7230.5 1.77137
7231.15 1.76453
7231.8 1.7565
7232.45 1.74827
7233.1 1.74092
7233.75 1.73529
7234.4 1.73183
7235.05 1.73042
7235.7 1.7304
7236.35 1.73077
7237.0 1.73045
7237.65 1.72857
7238.3 1.72471
7238.95 1.71904
7239.6 1.71228
7240.25 1.70552
7240.9 1.69994
7241.55 1.69657
7242.2 1.69604
7242.85 1.69849
7243.5 1.70362
7244.15 1.71077
7244.8 1.71909
7245.45 1.72765
7246.1 1.73555
7246.75 1.74196
7247.4 1.74617
7248.05 1.74762
7248.7 1.74591
7249.35 1.7409
7250.0 1.73275
7250.65 1.72202
7251.3 1.70967
7251.95 1.69698
7252.6 1.68533
7253.25 1.67592
7253.9 1.66949
7254.55 1.66621
7255.2 1.66561
7255.85 1.66683
7256.5 1.66886
7257.15 1.6708
7257.8 1.67199
7258.45 1.6721
7259.1 1.67099
7259.75 1.66866
7260.4 1.66517
7261.05 1.66065
7261.7 1.65533
7262.35 1.64961
7263.0 1.64405
7263.65 1.63938
7264.3 1.63636
7264.95 1.6356
7265.6 1.63741
7266.25 1.6417
7266.9 1.6479
7267.55 1.65511
7268.2 1.6622
7268.85 1.66814
7269.5 1.67209
7270.15 1.67359
7270.8 1.67254
7271.45 1.66912
7272.1 1.66368
7272.75 1.65656
7273.4 1.64803
7274.05 1.63823
7274.7 1.62719
7275.35 1.61501
7276.0 1.60189
7276.65 1.5883
7277.3 1.57503
7277.95 1.56313
7278.6 1.55381
7279.25 1.54823
7279.9 1.54731
7280.55 1.55147
7281.2 1.56055
7281.85 1.57372
7282.5 1.58952
7283.15 1.6061
7283.8 1.6215
7284.45 1.63399
7285.1 1.64234
7285.75 1.64602
7286.4 1.6452
7287.05 1.64063
7287.7 1.63344
7288.35 1.62484
7289.0 1.616
7289.65 1.60784
7290.3 1.60103
7290.95 1.59595
7291.6 1.59272
7292.25 1.59121
7292.9 1.59117
7293.55 1.59225
7294.2 1.59413
7294.85 1.59658
7295.5 1.59947
7296.15 1.60276
7296.8 1.60637
7297.45 1.61019
7298.1 1.61395
7298.75 1.61731
7299.4 1.61985
7300.05 1.62124
7300.7 1.62127
7301.35 1.61998
7302.0 1.61765
7302.65 1.61476
7303.3 1.61183
7303.95 1.60926
7304.6 1.60724
7305.25 1.60563
7305.9 1.6041
7306.55 1.60225
7307.2 1.59978
7307.85 1.59667
7308.5 1.59315
7309.15 1.58966
7309.8 1.58667
7310.45 1.58457
7311.1 1.58355
7311.75 1.58352
7312.4 1.58417
7313.05 1.58502
7313.7 1.58553
7314.35 1.5852
7315.0 1.58374
7315.65 1.58111
7316.3 1.57762
7316.95 1.57387
7317.6 1.57064
7318.25 1.5687
7318.9 1.56861
7319.55 1.57052
7320.2 1.5742
7320.85 1.57906
7321.5 1.58433
7322.15 1.58931
7322.8 1.59351
7323.45 1.59674
7324.1 1.59904
7324.75 1.60063
7325.4 1.60178
7326.05 1.6027
7326.7 1.60351
7327.35 1.60425
7328.0 1.60486
7328.65 1.60525
7329.3 1.60532
7329.95 1.60495
7330.6 1.60409
7331.25 1.60277
7331.9 1.60113
7332.55 1.5994
7333.2 1.59786
7333.85 1.59675
7334.5 1.59624
7335.15 1.59635
7335.8 1.59702
7336.45 1.59809
7337.1 1.59943
7337.75 1.6009
7338.4 1.60235
7339.05 1.60362
7339.7 1.60444
7340.35 1.60455
7341.0 1.60367
7341.65 1.60162
7342.3 1.5984
7342.95 1.59418
7343.6 1.58937
7344.25 1.58448
7344.9 1.58004
7345.55 1.57652
7346.2 1.57425
7346.85 1.57336
7347.5 1.57378
7348.15 1.57523
7348.8 1.57728
7349.45 1.57941
7350.1 1.58108
7350.75 1.58182
7351.4 1.58133
7352.05 1.57958
7352.7 1.57676
7353.35 1.57329
7354.0 1.56964
7354.65 1.56626
7355.3 1.56346
7355.95 1.56136
7356.6 1.5599
7357.25 1.55895
7357.9 1.55835
7358.55 1.55799
7359.2 1.55779
7359.85 1.55772
7360.5 1.55775
7361.15 1.55777
7361.8 1.55764
7362.45 1.5572
7363.1 1.55629
7363.75 1.5548
7364.4 1.5527
7365.05 1.55002
7365.7 1.5469
7366.35 1.5435
7367.0 1.54009
7367.65 1.53695
7368.3 1.53437
7368.95 1.53258
7369.6 1.53169
7370.25 1.53166
7370.9 1.53226
7371.55 1.5332
7372.2 1.53414
7372.85 1.53486
7373.5 1.53527
7374.15 1.53546
7374.8 1.53567
7375.45 1.53619
7376.1 1.53729
7376.75 1.53907
7377.4 1.54145
7378.05 1.5441
7378.7 1.54652
7379.35 1.54814
7380.0 1.54844
7380.65 1.54712
7381.3 1.54414
7381.95 1.53977
7382.6 1.53449
7383.25 1.52891
7383.9 1.52359
7384.55 1.51894
7385.2 1.51521
7385.85 1.51243
7386.5 1.51052
7387.15 1.50931
7387.8 1.50864
7388.45 1.50842
7389.1 1.50858
7389.75 1.50911
7390.4 1.50999
7391.05 1.51112
7391.7 1.51235
7392.35 1.51344
7393.0 1.5142
7393.65 1.5145
7394.3 1.51434
7394.95 1.51389
7395.6 1.51342
7396.25 1.5132
7396.9 1.51344
7397.55 1.51418
7398.2 1.51529
7398.85 1.51649
7399.5 1.51742
7400.15 1.51769
7400.8 1.51703
7401.45 1.51532
7402.1 1.51265
7402.75 1.50932
7403.4 1.50577
7404.05 1.50248
7404.7 1.49986
7405.35 1.49813
7406.0 1.49728
7406.65 1.49711
7407.3 1.49728
7407.95 1.49741
7408.6 1.4972
7409.25 1.49648
7409.9 1.49528
7410.55 1.49379
7411.2 1.49231
7411.85 1.49115
7412.5 1.4906
7413.15 1.49081
7413.8 1.49186
7414.45 1.49369
7415.1 1.49619
7415.75 1.49917
7416.4 1.50243
7417.05 1.50578
7417.7 1.509
7418.35 1.51184
7419.0 1.51407
7419.65 1.51544
7420.3 1.51567
7420.95 1.51457
7421.6 1.51203
7422.25 1.50813
7422.9 1.50319
7423.55 1.49773
7424.2 1.49245
7424.85 1.48803
7425.5 1.48504
7426.15 1.48377
7426.8 1.48419
7427.45 1.48595
7428.1 1.4885
7428.75 1.49121
7429.4 1.49349
7430.05 1.49497
7430.7 1.4955
7431.35 1.49514
7432.0 1.49414
7432.65 1.49281
7433.3 1.49145
7433.95 1.49031
7434.6 1.48956
7435.25 1.48923
7435.9 1.48928
7436.55 1.48956
7437.2 1.48981
7437.85 1.48975
7438.5 1.48909
7439.15 1.48764
7439.8 1.48538
7440.45 1.48247
7441.1 1.47926
7441.75 1.47619
7442.4 1.47369
7443.05 1.4721
7443.7 1.47163
7444.35 1.4723
7445.0 1.474
7445.65 1.4765
7446.3 1.47956
7446.95 1.4829
7447.6 1.48627
7448.25 1.48945
7448.9 1.49224
7449.55 1.49447
7450.2 1.49598
7450.85 1.49659
7451.5 1.4962
7452.15 1.49474
7452.8 1.49227
7453.45 1.48899
7454.1 1.48523
7454.75 1.48142
7455.4 1.47803
7456.05 1.47543
7456.7 1.47382
7457.35 1.47322
7458.0 1.47345
7458.65 1.47424
7459.3 1.47531
7459.95 1.47648
7460.6 1.47765
7461.25 1.47879
7461.9 1.47989
7462.55 1.48088
7463.2 1.4816
7463.85 1.48184
7464.5 1.48136
7465.15 1.48
7465.8 1.47768
7466.45 1.47442
7467.1 1.47032
7467.75 1.46552
7468.4 1.46018
7469.05 1.45452
7469.7 1.44879
7470.35 1.4433
7471.0 1.43835
7471.65 1.43422
7472.3 1.43102
7472.95 1.42876
7473.6 1.42732
7474.25 1.42654
7474.9 1.42627
7475.55 1.42645
7476.2 1.42704
7476.85 1.42801
7477.5 1.4293
7478.15 1.43071
7478.8 1.432
7479.45 1.43285
7480.1 1.433
7480.75 1.4323
7481.4 1.43073
7482.05 1.42848
7482.7 1.42589
7483.35 1.42338
7484.0 1.42139
7484.65 1.42019
7485.3 1.41989
7485.95 1.42034
7486.6 1.42125
7487.25 1.42225
7487.9 1.42304
7488.55 1.42347
7489.2 1.42354
7489.85 1.4234
7490.5 1.42326
7491.15 1.42334
7491.8 1.42383
7492.45 1.42485
7493.1 1.42646
7493.75 1.42865
7494.4 1.4313
7495.05 1.43421
7495.7 1.43709
7496.35 1.43965
7497.0 1.44162
7497.65 1.44291
7498.3 1.44357
7498.95 1.44384
7499.6 1.44405
7500.25 1.44452
7500.9 1.44543
7501.55 1.4468
7502.2 1.44847
7502.85 1.45014
7503.5 1.45152
7504.15 1.45234
7504.8 1.45249
7505.45 1.45193
7506.1 1.45078
7506.75 1.44922
7507.4 1.44749
7508.05 1.44584
7508.7 1.44452
7509.35 1.44367
7510.0 1.44329
7510.65 1.44323
7511.3 1.44318
7511.95 1.44277
7512.6 1.44161
7513.25 1.43942
7513.9 1.43605
7514.55 1.4316
7515.2 1.42635
7515.85 1.42076
7516.5 1.41541
7517.15 1.41085
7517.8 1.40754
7518.45 1.40576
7519.1 1.40552
7519.75 1.4066
7520.4 1.40861
7521.05 1.41103
7521.7 1.41331
7522.35 1.415
7523.0 1.41571
7523.65 1.41522
7524.3 1.41347
7524.95 1.41062
7525.6 1.40701
7526.25 1.40317
7526.9 1.39973
7527.55 1.39732
7528.2 1.39637
7528.85 1.39704
7529.5 1.39912
7530.15 1.40202
7530.8 1.40498
7531.45 1.40721
7532.1 1.40815
7532.75 1.40757
7533.4 1.40565
7534.05 1.40287
7534.7 1.39985
7535.35 1.3972
7536.0 1.39532
7536.65 1.39437
7537.3 1.39422
7537.95 1.39456
7538.6 1.39498
7539.25 1.39508
7539.9 1.39457
7540.55 1.39336
7541.2 1.39154
7541.85 1.38943
7542.5 1.38742
7543.15 1.3859
7543.8 1.38511
7544.45 1.3851
7545.1 1.38567
7545.75 1.38651
7546.4 1.38728
7547.05 1.3878
7547.7 1.38804
7548.35 1.38819
7549.0 1.38854
7549.65 1.38933
7550.3 1.39067
7550.95 1.39247
7551.6 1.39446
7552.25 1.39629
7552.9 1.39765
7553.55 1.39838
7554.2 1.3985
7554.85 1.39821
7555.5 1.39776
7556.15 1.39735
7556.8 1.39701
7557.45 1.39658
7558.1 1.39575
7558.75 1.39419
7559.4 1.39167
7560.05 1.38815
7560.7 1.38383
7561.35 1.37908
7562.0 1.3744
7562.65 1.37028
7563.3 1.36713
7563.95 1.36521
7564.6 1.36461
7565.25 1.36522
7565.9 1.36678
7566.55 1.36894
7567.2 1.37135
7567.85 1.37373
7568.5 1.37597
7569.15 1.37807
7569.8 1.38018
7570.45 1.38249
7571.1 1.38511
7571.75 1.38802
7572.4 1.39105
7573.05 1.39391
7573.7 1.39626
7574.35 1.39778
7575.0 1.39828
7575.65 1.39769
7576.3 1.39611
7576.95 1.39374
7577.6 1.39088
7578.25 1.38789
7578.9 1.38508
7579.55 1.3827
7580.2 1.38089
7580.85 1.37968
7581.5 1.37897
7582.15 1.37862
7582.8 1.37845
7583.45 1.37827
7584.1 1.37786
7584.75 1.37703
7585.4 1.3756
7586.05 1.37339
7586.7 1.37024
7587.35 1.36597
7588.0 1.36034
7588.65 1.35295
7589.3 1.34308
7589.95 1.3297
7590.6 1.31147
7591.25 1.28694
7591.9 1.25494
7592.55 1.21487
7593.2 1.16709
7593.85 1.11303
7594.5 1.05495
7595.15 0.995621
7595.8 0.937687
7596.45 0.883168
7597.1 0.833147
7597.75 0.787749
7598.4 0.74642
7599.05 0.708352
7599.7 0.672899
7600.35 0.639856
7601.0 0.609489
7601.65 0.582402
7602.3 0.559281
7602.95 0.540677
7603.6 0.526859
7604.25 0.517794
7604.9 0.513197
7605.55 0.512658
7606.2 0.51575
7606.85 0.52212
7607.5 0.531525
7608.15 0.543831
7608.8 0.559003
7609.45 0.577055
7610.1 0.598023
7610.75 0.621935
7611.4 0.648836
7612.05 0.678829
7612.7 0.712061
7613.35 0.748714
7614.0 0.788881
7614.65 0.832352
7615.3 0.878386
7615.95 0.925482
7616.6 0.97132
7617.25 1.01293
7617.9 1.04711
7618.55 1.071
7619.2 1.08263
7619.85 1.08141
7620.5 1.06819
7621.15 1.04516
7621.8 1.01536
7622.45 0.982166
7623.1 0.948739
7623.75 0.917601
7624.4 0.890417
7625.05 0.867998
7625.7 0.850476
7626.35 0.837554
7627.0 0.828719
7627.65 0.8234
7628.3 0.821013
7628.95 0.82097
7629.6 0.822703
7630.25 0.825706
7630.9 0.829607
7631.55 0.834175
7632.2 0.839264
7632.85 0.84475
7633.5 0.850534
7634.15 0.856617
7634.8 0.863155
7635.45 0.870429
7636.1 0.87871
7636.75 0.88803
7637.4 0.898058
7638.05 0.908172
7638.7 0.917685
7639.35 0.926135
7640.0 0.933446
7640.65 0.939829
7641.3 0.945573
7641.95 0.95084
7642.6 0.955648
7643.25 0.960031
7643.9 0.964234
7644.55 0.968749
7645.2 0.974139
7645.85 0.980729
7646.5 0.988391
7647.15 0.996574
7647.8 1.00461
7648.45 1.01208
7649.1 1.0191
7649.75 1.02618
7650.4 1.03395
7651.05 1.04277
7651.7 1.05251
7652.35 1.06266
7653.0 1.07268
7653.65 1.08229
7654.3 1.09167
7654.95 1.10125
7655.6 1.11137
7656.25 1.12201
7656.9 1.13262
7657.55 1.14239
7658.2 1.15057
7658.85 1.15686
7659.5 1.16155
7660.15 1.16535
7660.8 1.16903
7661.45 1.17306
7662.1 1.17743
7662.75 1.18176
7663.4 1.18554
7664.05 1.18848
7664.7 1.19067
7665.35 1.19259
7666.0 1.19482
7666.65 1.19779
7667.3 1.20155
7667.95 1.20581
7668.6 1.21005
7669.25 1.21389
7669.9 1.21725
7670.55 1.22041
7671.2 1.22394
7671.85 1.22836
7672.5 1.23395
7673.15 1.24057
7673.8 1.2477
7674.45 1.25465
7675.1 1.26077
7675.75 1.26572
7676.4 1.26954
7677.05 1.27259
7677.7 1.27534
7678.35 1.27818
7679.0 1.28125
7679.65 1.28436
7680.3 1.28712
7680.95 1.28907
7681.6 1.28988
7682.25 1.28948
7682.9 1.28806
7683.55 1.28603
7684.2 1.28389
7684.85 1.28209
7685.5 1.28091
7686.15 1.28044
7686.8 1.28057
7687.45 1.28107
7688.1 1.28165
7688.75 1.28205
7689.4 1.2821
7690.05 1.28168
7690.7 1.28073
7691.35 1.27922
7692.0 1.27714
7692.65 1.27452
7693.3 1.27151
7693.95 1.26835
7694.6 1.26545
7695.25 1.26323
7695.9 1.26207
7696.55 1.26218
7697.2 1.2635
7697.85 1.26573
7698.5 1.26838
7699.15 1.27094
7699.8 1.27298
7700.45 1.27426
7701.1 1.27476
7701.75 1.27468
7702.4 1.27436
7703.05 1.27421
7703.7 1.27458
7704.35 1.2757
7705.0 1.27761
7705.65 1.28012
7706.3 1.28293
7706.95 1.28561
7707.6 1.28782
7708.25 1.28934
7708.9 1.29012
7709.55 1.2903
7710.2 1.29008
7710.85 1.28969
7711.5 1.28927
7712.15 1.28886
7712.8 1.28841
7713.45 1.28783
7714.1 1.28702
7714.75 1.28591
7715.4 1.28451
7716.05 1.28288
7716.7 1.28117
7717.35 1.27956
7718.0 1.27827
7718.65 1.27746
7719.3 1.27724
7719.95 1.27759
7720.6 1.27841
7721.25 1.2795
7721.9 1.28062
7722.55 1.2816
7723.2 1.28231
7723.85 1.28268
7724.5 1.28271
7725.15 1.28244
7725.8 1.28193
7726.45 1.28122
7727.1 1.28041
7727.75 1.27955
7728.4 1.27872
7729.05 1.27796
7729.7 1.27728
7730.35 1.27664
7731.0 1.27601
7731.65 1.27538
7732.3 1.27484
7732.95 1.27457
7733.6 1.27488
7734.25 1.27615
7734.9 1.27873
7735.55 1.2829
7736.2 1.28866
7736.85 1.29572
7737.5 1.30346
7738.15 1.31101
7738.8 1.31736
7739.45 1.32162
7740.1 1.32314
7740.75 1.32169
7741.4 1.31745
7742.05 1.31096
7742.7 1.30301
7743.35 1.29445
7744.0 1.28615
7744.65 1.27894
7745.3 1.27358
7745.95 1.27082
7746.6 1.27133
7747.25 1.27563
7747.9 1.28396
7748.55 1.29611
7749.2 1.31129
7749.85 1.32811
7750.5 1.34468
7751.15 1.35891
7751.8 1.36887
7752.45 1.37323
7753.1 1.37151
7753.75 1.36421
7754.4 1.35263
7755.05 1.33851
7755.7 1.32367
7756.35 1.30959
7757.0 1.29724
7757.65 1.28706
7758.3 1.27906
7758.95 1.27305
7759.6 1.26875
7760.25 1.26595
7760.9 1.26443
7761.55 1.26401
7762.2 1.26439
7762.85 1.26517
7763.5 1.26591
7764.15 1.26616
7764.8 1.26557
7765.45 1.26392
7766.1 1.26114
7766.75 1.2573
7767.4 1.25247
7768.05 1.24677
7768.7 1.24032
7769.35 1.23324
7770.0 1.22576
7770.65 1.21819
7771.3 1.21095
7771.95 1.20455
7772.6 1.19951
7773.25 1.19627
7773.9 1.1951
7774.55 1.19606
7775.2 1.19896
7775.85 1.20337
7776.5 1.20871
7777.15 1.21434
7777.8 1.21964
7778.45 1.22411
7779.1 1.2274
7779.75 1.22933
7780.4 1.22992
7781.05 1.22939
7781.7 1.22809
7782.35 1.22646
7783.0 1.22495
7783.65 1.22395
7784.3 1.22368
7784.95 1.22421
7785.6 1.22538
7786.25 1.2269
7786.9 1.22842
7787.55 1.22963
7788.2 1.23035
7788.85 1.23065
7789.5 1.23081
7790.15 1.23127
7790.8 1.2325
7791.45 1.23476
7792.1 1.23799
7792.75 1.24172
7793.4 1.24518
7794.05 1.24747
7794.7 1.24787
7795.35 1.24603
7796.0 1.24212
7796.65 1.23674
7797.3 1.23075
7797.95 1.225
7798.6 1.2201
7799.25 1.21631
7799.9 1.21353
7800.55 1.21146
7801.2 1.20971
7801.85 1.20798
7802.5 1.20613
7803.15 1.20417
7803.8 1.20224
7804.45 1.20054
7805.1 1.19931
7805.75 1.19879
7806.4 1.19922
7807.05 1.20082
7807.7 1.20374
7808.35 1.20796
7809.0 1.21324
7809.65 1.2191
7810.3 1.22482
7810.95 1.22964
7811.6 1.23286
7812.25 1.23409
7812.9 1.23331
7813.55 1.23089
7814.2 1.22746
7814.85 1.2238
7815.5 1.22068
7816.15 1.21876
7816.8 1.21863
7817.45 1.2208
7818.1 1.22571
7818.75 1.23361
7819.4 1.24441
7820.05 1.25746
7820.7 1.27145
7821.35 1.28454
7822.0 1.29459
7822.65 1.29972
7823.3 1.29875
7823.95 1.29155
7824.6 1.27911
7825.25 1.2632
7825.9 1.246
7826.55 1.22948
7827.2 1.21511
7827.85 1.20362
7828.5 1.19508
7829.15 1.18905
7829.8 1.18484
7830.45 1.18174
7831.1 1.1791
7831.75 1.17651
7832.4 1.17375
7833.05 1.17082
7833.7 1.16786
7834.35 1.16512
7835.0 1.16289
7835.65 1.16139
7836.3 1.16078
7836.95 1.16109
7837.6 1.1622
7838.25 1.16384
7838.9 1.16567
7839.55 1.1673
7840.2 1.16842
7840.85 1.1689
7841.5 1.16884
7842.15 1.16854
7842.8 1.16843
7843.45 1.16894
7844.1 1.17036
7844.75 1.17276
7845.4 1.17597
7846.05 1.17962
7846.7 1.18326
7847.35 1.18642
7848.0 1.18875
7848.65 1.18998
7849.3 1.19003
7849.95 1.18889
7850.6 1.18665
7851.25 1.18344
7851.9 1.17938
7852.55 1.17465
7853.2 1.16945
7853.85 1.1641
7854.5 1.159
7855.15 1.15458
7855.8 1.15121
7856.45 1.14911
7857.1 1.14829
7857.75 1.14856
7858.4 1.14963
7859.05 1.15118
7859.7 1.153
7860.35 1.15493
7861.0 1.15688
7861.65 1.15877
7862.3 1.16043
7862.95 1.16165
7863.6 1.16216
7864.25 1.16172
7864.9 1.16024
7865.55 1.15777
7866.2 1.15457
7866.85 1.15108
7867.5 1.14781
7868.15 1.14524
7868.8 1.14369
7869.45 1.14327
7870.1 1.14382
7870.75 1.14492
7871.4 1.14603
7872.05 1.14659
7872.7 1.14615
7873.35 1.14452
7874.0 1.14178
7874.65 1.13829
7875.3 1.13459
7875.95 1.13127
7876.6 1.1288
7877.25 1.12751
7877.9 1.12747
7878.55 1.12857
7879.2 1.13056
7879.85 1.13313
7880.5 1.13598
7881.15 1.13879
7881.8 1.14124
7882.45 1.14303
7883.1 1.14386
7883.75 1.14353
7884.4 1.14196
7885.05 1.13928
7885.7 1.13579
7886.35 1.1319
7887.0 1.12804
7887.65 1.12455
7888.3 1.12163
7888.95 1.1193
7889.6 1.11746
7890.25 1.11598
7890.9 1.11474
7891.55 1.11367
7892.2 1.11274
7892.85 1.11197
7893.5 1.1114
7894.15 1.11104
7894.8 1.11092
7895.45 1.11101
7896.1 1.11132
7896.75 1.11184
7897.4 1.11255
7898.05 1.11347
7898.7 1.11465
7899.35 1.11615
7900.0 1.11806
7900.65 1.12044
7901.3 1.12324
7901.95 1.12632
7902.6 1.12936
7903.25 1.132
7903.9 1.13385
7904.55 1.13457
7905.2 1.13402
7905.85 1.13221
7906.5 1.12931
7907.15 1.1256
7907.8 1.12139
7908.45 1.11699
7909.1 1.11267
7909.75 1.10868
7910.4 1.1052
7911.05 1.10235
7911.7 1.10012
7912.35 1.09844
7913.0 1.09712
7913.65 1.09596
7914.3 1.09478
7914.95 1.09351
7915.6 1.09213
7916.25 1.09072
7916.9 1.08935
7917.55 1.08806
7918.2 1.08682
7918.85 1.08556
7919.5 1.08418
7920.15 1.08268
7920.8 1.08112
7921.45 1.07968
7922.1 1.0786
7922.75 1.07814
7923.4 1.07849
7924.05 1.07976
7924.7 1.08191
7925.35 1.08481
7926.0 1.08828
7926.65 1.09209
7927.3 1.09607
7927.95 1.10006
7928.6 1.10395
7929.25 1.10763
7929.9 1.11092
7930.55 1.11356
7957.2 0.99218
7957.85 0.992788
7958.5 0.993634
7959.15 0.994411
7959.8 0.994891
7960.45 0.994959
7961.1 0.994617
7961.75 0.993977
7962.4 0.993226
7963.05 0.992571
7963.7 0.99219
7964.35 0.992216
7965.0 0.992723
7965.65 0.993731
7966.3 0.995203
7966.95 0.997062
7967.6 0.99918
7968.25 1.00139
7968.9 1.00352
7969.55 1.00539
7970.2 1.00689
7970.85 1.00798
7971.5 1.00866
7972.15 1.00898
7972.8 1.00904
7973.45 1.00893
7974.1 1.0088
7974.75 1.00882
7975.4 1.00916
7976.05 1.00992
7976.7 1.01114
7977.35 1.0127
7978.0 1.01435
7978.65 1.01571
7979.3 1.01646
7979.95 1.01634
7980.6 1.01524
7981.25 1.01328
7981.9 1.01071
7982.55 1.00791
7983.2 1.00523
7983.85 1.00297
7984.5 1.00126
7985.15 1.00014
7985.8 0.999524
7986.45 0.99929
7987.1 0.999344
7987.75 0.999653
7988.4 1.00025
7989.05 1.00121
7989.7 1.00264
7990.35 1.0046
7991.0 1.00705
7991.65 1.00981
7992.3 1.01258
7992.95 1.01496
7993.6 1.0165
7994.25 1.01684
7994.9 1.01576
7995.55 1.01325
7996.2 1.00951
7996.85 1.0049
7997.5 0.999858
7998.15 0.994839
7998.8 0.99024
7999.45 0.986378
8000.1 0.983462
8000.75 0.981589
8001.4 0.980747
8002.05 0.98084
8002.7 0.981716
8003.35 0.983203
8004.0 0.985151
8004.65 0.987428
8005.3 0.989944
8005.95 0.992616
8006.6 0.995335
8007.25 0.99796
8007.9 1.0003
8008.55 1.00212
8009.2 1.0032
8009.85 1.00341
8010.5 1.00272
8011.15 1.00125
8011.8 0.999298
8012.45 0.997204
8013.1 0.995325
8013.75 0.993924
8014.4 0.993116
8015.05 0.992861
8015.7 0.992997
8016.35 0.993291
8017.0 0.993509
8017.65 0.993468
8018.3 0.993056
8018.95 0.992254
8019.6 0.991115
8020.25 0.989726
8020.9 0.988154
8021.55 0.986395
8022.2 0.984362
8022.85 0.981916
8023.5 0.978943
8024.15 0.975449
8024.8 0.971627
8025.45 0.967838
8026.1 0.964537
8026.75 0.962118
8027.4 0.960798
8028.05 0.960547
8028.7 0.961108
8029.35 0.962106
8030.0 0.963166
8030.65 0.964035
8031.3 0.964644
8031.95 0.965106
8032.6 0.965678
8033.25 0.966673
8033.9 0.968373
8034.55 0.97094
8035.2 0.974358
8035.85 0.978403
8036.5 0.982675
8037.15 0.986665
8037.8 0.98986
8038.45 0.991838
8039.1 0.992353
8039.75 0.991373
8040.4 0.989084
8041.05 0.985857
8041.7 0.982195
8042.35 0.978661
8043.0 0.975801
8043.65 0.974063
8044.3 0.973712
8044.95 0.974787
8045.6 0.977077
8046.25 0.980175
8046.9 0.983558
8047.55 0.986701
8048.2 0.989169
8048.85 0.990676
8049.5 0.991096
8050.15 0.990427
8050.8 0.988728
8051.45 0.98608
8052.1 0.982573
8052.75 0.978321
8053.4 0.973513
8054.05 0.96845
8054.7 0.963561
8055.35 0.959363
8056.0 0.956383
8056.65 0.955041
8057.3 0.955566
8057.95 0.957925
8058.6 0.96183
8059.25 0.966785
8059.9 0.972169
8060.55 0.977341
8061.2 0.9817
8061.85 0.984771
8062.5 0.986232
8063.15 0.985961
8063.8 0.984042
8064.45 0.980736
8065.1 0.976455
8065.75 0.971676
8066.4 0.966874
8067.05 0.962445
8067.7 0.958665
8068.35 0.955673
8069.0 0.9535
8069.65 0.952099
8070.3 0.951395
8070.95 0.951313
8071.6 0.951798
8072.25 0.952814
8072.9 0.954307
8073.55 0.956193
8074.2 0.958341
8074.85 0.960587
8075.5 0.962765
8076.15 0.964743
8076.8 0.96644
8077.45 0.967822
8078.1 0.968875
8078.75 0.96956
8079.4 0.969799
8080.05 0.969482
8080.7 0.968503
8081.35 0.966817
8082.0 0.964477
8082.65 0.961678
8083.3 0.958739
8083.95 0.956076
8084.6 0.954154
8085.25 0.953405
8085.9 0.954144
8086.55 0.956483
8087.2 0.960283
8087.85 0.965134
8088.5 0.970409
8089.15 0.975365
8089.8 0.979287
8090.45 0.981635
8091.1 0.982162
8091.75 0.980967
8092.4 0.97846
8093.05 0.975254
8093.7 0.972016
8094.35 0.969315
8095.0 0.967524
8095.65 0.966775
8096.3 0.966996
8096.95 0.967973
8097.6 0.969434
8098.25 0.971103
8098.9 0.972744
8099.55 0.974156
8100.2 0.975195
8100.85 0.975758
8101.5 0.975788
8102.15 0.975262
8102.8 0.974173
8103.45 0.972532
8104.1 0.970359
8104.75 0.967716
8105.4 0.964719
8106.05 0.961549
8106.7 0.958443
8107.35 0.955635
8108.0 0.953303
8108.65 0.951508
8109.3 0.950189
8109.95 0.949221
8110.6 0.948491
8111.25 0.947997
8111.9 0.947885
8112.55 0.948416
8113.2 0.949853
8113.85 0.952328
8114.5 0.955735
8115.15 0.959719
8115.8 0.963777
8116.45 0.967396
8117.1 0.970225
8117.75 0.972152
8118.4 0.973316
8119.05 0.974021
8119.7 0.974603
8120.35 0.975315
8121.0 0.976254
8121.65 0.977342
8122.3 0.978383
8122.95 0.979126
8123.6 0.979351
8124.25 0.97893
8124.9 0.977847
8125.55 0.976189
8126.2 0.974102
8126.85 0.971744
8127.5 0.969244
8128.15 0.966684
8128.8 0.964097
8129.45 0.961488
8130.1 0.958871
8130.75 0.956297
8131.4 0.953879
8132.05 0.95181
8132.7 0.950338
8133.35 0.94972
8134.0 0.950157
8134.65 0.951711
8135.3 0.954246
8135.95 0.957408
8136.6 0.960662
8137.25 0.963381
8137.9 0.964969
8138.55 0.964991
8139.2 0.963272
8139.85 0.959947
8140.5 0.955447
8141.15 0.950423
8141.8 0.945603
8142.45 0.941631
8143.1 0.938917
8143.75 0.937552
8144.4 0.937294
8145.05 0.937652
8145.7 0.938054
8146.35 0.938019
8147.0 0.937313
8147.65 0.936029
8148.3 0.934538
8148.95 0.933367
8149.6 0.933016
8150.25 0.933797
8150.9 0.935737
8151.55 0.938582
8152.2 0.941888
8152.85 0.945158
8153.5 0.947967
8154.15 0.950048
8154.8 0.951318
8155.45 0.951847
8156.1 0.951774
8156.75 0.95123
8157.4 0.950271
8158.05 0.948831
8158.7 0.946759
8159.35 0.943904
8160.0 0.940228
8160.65 0.935932
8161.3 0.931475
8161.95 0.927505
8162.6 0.92469
8163.25 0.9235
8163.9 0.924035
8164.55 0.92595
8165.2 0.928531
8165.85 0.930889
8166.5 0.932224
8167.15 0.932077
8167.8 0.930524
8168.45 0.928175
8169.1 0.926024
8169.75 0.925157
8170.4 0.926373
8171.05 0.9299
8171.7 0.935238
8172.35 0.94124
8173.0 0.946392
8173.65 0.949191
8174.3 0.948554
8174.95 0.94411
8175.6 0.936299
8176.25 0.926273
8176.9 0.915642
8177.55 0.906107
8178.2 0.899109
8178.85 0.895565
8179.5 0.895763
8180.15 0.899413
8180.8 0.905795
8181.45 0.913943
8182.1 0.922808
8182.75 0.931361
8183.4 0.938655
8184.05 0.943876
8184.7 0.946413
8185.35 0.945948
8186.0 0.942529
8186.65 0.936607
8187.3 0.928999
8187.95 0.920759
8188.6 0.913002
8189.25 0.906692
8189.9 0.902485
8190.55 0.900629
8191.2 0.90098
8191.85 0.903105
8192.5 0.906398
8193.15 0.910221
8193.8 0.913967
8194.45 0.917091
8195.1 0.91914
8195.75 0.919784
8196.4 0.918898
8197.05 0.916631
8197.7 0.913435
8198.35 0.910007
8199.0 0.907142
8199.65 0.905559
8200.3 0.905731
8200.95 0.907794
8201.6 0.91154
8202.25 0.916498
8202.9 0.922046
8203.55 0.927527
8204.2 0.932344
8204.85 0.936023
8205.5 0.938252
8206.15 0.938904
8206.8 0.93805
8207.45 0.935947
8208.1 0.933007
8208.75 0.929727
8209.4 0.926611
8210.05 0.92408
8210.7 0.922442
8211.35 0.921857
8212.0 0.922371
8212.65 0.923915
8213.3 0.926326
8213.95 0.929329
8214.6 0.932547
8215.25 0.935544
8215.9 0.937889
8216.55 0.93926
8217.2 0.939513
8217.85 0.938712
8218.5 0.93708
8219.15 0.934916
8219.8 0.932487
8220.45 0.929955
8221.1 0.927326
8221.75 0.924448
8222.4 0.921025
8223.05 0.916633
8223.7 0.910797
8224.35 0.903092
8225.0 0.893307
8225.65 0.881591
8226.3 0.868573
8226.95 0.85534
8227.6 0.843298
8228.25 0.833886
8228.9 0.828282
8229.55 0.827164
8230.2 0.830629
8230.85 0.838243
8231.5 0.849203
8232.15 0.862512
8232.8 0.877128
8233.45 0.892037
8234.1 0.90631
8234.75 0.919142
8235.4 0.929884
8236.05 0.938103
8236.7 0.943595
8237.35 0.946383
8238.0 0.946675
8238.65 0.944806
8239.3 0.9412
8239.95 0.936362
8240.6 0.930864
8241.25 0.925351
8241.9 0.9205
8242.55 0.916922
8243.2 0.915055
8243.85 0.915042
8244.5 0.916681
8245.15 0.919431
8245.8 0.922529
8246.45 0.925164
8247.1 0.926682
8247.75 0.92673
8248.4 0.925333
8249.05 0.922871
8249.7 0.919962
8250.35 0.917294
8251.0 0.915432
8251.65 0.914651
8252.3 0.914868
8252.95 0.915646
8253.6 0.916328
8254.25 0.916233
8254.9 0.914859
8255.55 0.912037
8256.2 0.907964
8256.85 0.903141
8257.5 0.89819
8258.15 0.893696
8258.8 0.890061
8259.45 0.887457
8260.1 0.885863
8260.75 0.885147
8261.4 0.885158
8262.05 0.885774
8262.7 0.88692
8263.35 0.888539
8264.0 0.890548
8264.65 0.892824
8265.3 0.895223
8265.95 0.897601
8266.6 0.899853
8267.25 0.90189
8267.9 0.90361
8268.55 0.904829
8269.2 0.905257
8269.85 0.904532
8270.5 0.90233
8271.15 0.89849
8271.8 0.893146
8272.45 0.886773
8273.1 0.880149
8273.75 0.874202
8274.4 0.869809
8275.05 0.867586
8275.7 0.867741
8276.35 0.87002
8277.0 0.873787
8277.65 0.878182
8278.3 0.882343
8278.95 0.88561
8279.6 0.887651
8280.25 0.888501
8280.9 0.888494
8281.55 0.88813
8282.2 0.887922
8282.85 0.888268
8283.5 0.889375
8284.15 0.891239
8284.8 0.893688
8285.45 0.89646
8286.1 0.899262
8286.75 0.901843
8287.4 0.904027
8288.05 0.905693
8288.7 0.906753
8289.35 0.907114
8290.0 0.906668
8290.65 0.905294
8291.3 0.902911
8291.95 0.899529
8292.6 0.895321
8293.25 0.890632
8293.9 0.885952
8294.55 0.881814
8295.2 0.878687
8295.85 0.876848
8296.5 0.876331
8297.15 0.876913
8297.8 0.878196
8298.45 0.879688
8299.1 0.880901
8299.75 0.881428
8300.4 0.880973
8301.05 0.879397
8301.7 0.876729
8302.35 0.873202
8303.0 0.869262
8303.65 0.865526
8304.3 0.862686
8304.95 0.861328
8305.6 0.861774
8306.25 0.863941
8306.9 0.867335
8307.55 0.871173
8308.2 0.874579
8308.85 0.87683
8309.5 0.877527
8310.15 0.876654
8310.8 0.874517
8311.45 0.871619
8312.1 0.868513
8312.75 0.865671
8313.4 0.863422
8314.05 0.861929
8314.7 0.861197
8315.35 0.861093
8316.0 0.86137
8316.65 0.861693
8317.3 0.861699
8317.95 0.861073
8318.6 0.859624
8319.25 0.857348
8319.9 0.854467
8320.55 0.851409
8321.2 0.84872
8321.85 0.846945
8322.5 0.846486
8323.15 0.847487
8323.8 0.849796
8324.45 0.853001
8325.1 0.856557
8325.75 0.859928
8326.4 0.862733
8327.05 0.864805
8327.7 0.866188
8328.35 0.867068
8329.0 0.867672
8329.65 0.86818
8330.3 0.868677
8330.95 0.869148
8331.6 0.869498
8332.25 0.869605
8332.9 0.869343
8333.55 0.868604
8334.2 0.867331
8334.85 0.865527
8335.5 0.863268
8336.15 0.860733
8336.8 0.858217
8337.45 0.856105
8338.1 0.854819
8338.75 0.854685
8339.4 0.855809
8340.05 0.857989
8340.7 0.860702
8341.35 0.863212
8342.0 0.86478
8342.65 0.864888
8343.3 0.863418
8343.95 0.860688
8344.6 0.857356
8345.25 0.854241
8345.9 0.852098
8346.55 0.851455
8347.2 0.852538
8347.85 0.855267
8348.5 0.859339
8349.15 0.864311
8349.8 0.869691
8350.45 0.87501
8351.1 0.87986
8351.75 0.883902
8352.4 0.886866
8353.05 0.888547
8353.7 0.888799
8354.35 0.887567
8355.0 0.884911
8355.65 0.88102
8356.3 0.8762
8356.95 0.870843
8357.6 0.865368
8358.25 0.860153
8358.9 0.855486
8359.55 0.851546
8360.2 0.848422
8360.85 0.846125
8361.5 0.844638
8362.15 0.843934
8362.8 0.843978
8363.45 0.844716
8364.1 0.846058
8364.75 0.847878
8365.4 0.850026
8366.05 0.852347
8366.7 0.854699
8367.35 0.856968
8368.0 0.859053
8368.65 0.860852
8369.3 0.862249
8369.95 0.863118
8370.6 0.863364
8371.25 0.862961
8371.9 0.861991
8372.55 0.860663
8373.2 0.859283
8373.85 0.858197
8374.5 0.85771
8375.15 0.858003
8375.8 0.859081
8376.45 0.860767
8377.1 0.862751
8377.75 0.864695
8378.4 0.866322
8379.05 0.86748
8379.7 0.86817
8380.35 0.868481
8381.0 0.868517
8381.65 0.868321
8382.3 0.867869
8382.95 0.867112
8383.6 0.866071
8384.25 0.864912
8384.9 0.863954
8385.55 0.863583
8386.2 0.864101
8386.85 0.865565
8387.5 0.867698
8388.15 0.869924
8388.8 0.871518
8389.45 0.871845
8390.1 0.87055
8390.75 0.867683
8391.4 0.863681
8392.05 0.859227
8392.7 0.855076
8393.35 0.851879
8394.0 0.85007
8394.65 0.84984
8395.3 0.851156
8395.95 0.853811
8396.6 0.857476
8397.25 0.861745
8397.9 0.866168
8398.55 0.870296
8399.2 0.873743
8399.85 0.876242
8400.5 0.877691
8401.15 0.878146
8401.8 0.877789
8402.45 0.876838
8403.1 0.875471
8403.75 0.873757
8404.4 0.87166
8405.05 0.869072
8405.7 0.865883
8406.35 0.86206
8407.0 0.857678
8407.65 0.852934
8408.3 0.848114
8408.95 0.843529
8409.6 0.839457
8410.25 0.836083
8410.9 0.83348
8411.55 0.831635
8412.2 0.830489
8412.85 0.830006
8413.5 0.830212
8414.15 0.831189
8414.8 0.833033
8415.45 0.835784
8416.1 0.839358
8416.75 0.843533
8417.4 0.847981
8418.05 0.852333
8418.7 0.856265
8419.35 0.859563
8420.0 0.862129
8420.65 0.864001
8421.3 0.865275
8421.95 0.866094
8422.6 0.866596
8423.25 0.866898
8423.9 0.867086
8424.55 0.867205
8425.2 0.867265
8425.85 0.867257
8426.5 0.867176
8427.15 0.867042
8427.8 0.866904
8428.45 0.866838
8429.1 0.866893
8429.75 0.867032
8430.4 0.867092
8431.05 0.866773
8431.7 0.865708
8432.35 0.863581
8433.0 0.860271
8433.65 0.855945
8434.3 0.851061
8434.95 0.846278
8435.6 0.842279
8436.25 0.839574
8436.9 0.838373
8437.55 0.838543
8438.2 0.839688
8438.85 0.841306
8439.5 0.842964
8440.15 0.844428
8440.8 0.845718
8441.45 0.847058
8442.1 0.848746
8442.75 0.851049
8443.4 0.854076
8444.05 0.857765
8444.7 0.861908
8445.35 0.866233
8446.0 0.870504
8446.65 0.874553
8447.3 0.878302
8447.95 0.881734
8448.6 0.88484
8449.25 0.887599
8449.9 0.889957
8450.55 0.891854
8451.2 0.89324
8451.85 0.89409
8452.5 0.894418
8453.15 0.894242
8453.8 0.893568
8454.45 0.892363
8455.1 0.890547
8455.75 0.888034
8456.4 0.884747
8457.05 0.880677
8457.7 0.875907
8458.35 0.870605
8459.0 0.864983
8459.65 0.859235
8460.3 0.853471
8460.95 0.847699
8461.6 0.841843
8462.25 0.835813
8462.9 0.829592
8463.55 0.82331
8464.2 0.817264
8464.85 0.811866
8465.5 0.807548
8466.15 0.804663
8466.8 0.803411
8467.45 0.803815
8468.1 0.805756
8468.75 0.809015
8469.4 0.813325
8470.05 0.818392
8470.7 0.823904
8471.35 0.829531
8472.0 0.834933
8472.65 0.839787
8473.3 0.843809
8473.95 0.846801
8474.6 0.848681
8475.25 0.849496
8475.9 0.849421
8476.55 0.848724
8477.2 0.847699
8477.85 0.846627
8478.5 0.845702
8479.15 0.844993
8479.8 0.844454
8480.45 0.843944
8481.1 0.843282
8481.75 0.842314
8482.4 0.840965
8483.05 0.83928
8483.7 0.837415
8484.35 0.835622
8485.0 0.834184
8485.65 0.833361
8486.3 0.83335
8486.95 0.83424
8487.6 0.836015
8488.25 0.838537
8488.9 0.841564
8489.55 0.844751
8490.2 0.847684
8490.85 0.849925
8491.5 0.851087
8492.15 0.850889
8492.8 0.849221
8493.45 0.846151
8494.1 0.841903
8494.75 0.836795
8495.4 0.831161
8496.05 0.82529
8496.7 0.819393
8497.35 0.813595
8498.0 0.807959
8498.65 0.802519
8499.3 0.797305
8499.95 0.792373
8500.6 0.787816
8501.25 0.783781
8501.9 0.780472
8502.55 0.778138
8503.2 0.777042
8503.85 0.777408
8504.5 0.779367
8505.15 0.782909
8505.8 0.787859
8506.45 0.793908
8507.1 0.800657
8507.75 0.807687
8508.4 0.814618
8509.05 0.821131
8509.7 0.826991
8510.35 0.832031
8511.0 0.836151
8511.65 0.839322
8512.3 0.841582
8512.95 0.843043
8513.6 0.843878
8514.25 0.844286
8514.9 0.844468
8515.55 0.844589
8516.2 0.844782
8516.85 0.845147
8517.5 0.845777
8518.15 0.846761
8518.8 0.848171
8519.45 0.85003
8520.1 0.852268
8520.75 0.854698
8521.4 0.857037
8522.05 0.858953
8522.7 0.860155
8523.35 0.860482
8524.0 0.859959
8524.65 0.858796
8525.3 0.857338
8525.95 0.855973
8526.6 0.855044
8527.25 0.854773
8527.9 0.855233
8528.55 0.856343
8529.2 0.857902
8529.85 0.859622
8530.5 0.86117
8531.15 0.862209
8531.8 0.862436
8532.45 0.861632
8533.1 0.859685
8533.75 0.856615
8534.4 0.852549
8535.05 0.847683
8535.7 0.84223
8536.35 0.836351
8537.0 0.830129
8537.65 0.823548
8538.3 0.816527
8538.95 0.808981
8539.6 0.800876
8540.25 0.792298
8540.9 0.783484
8541.55 0.774828
8542.2 0.766832
8542.85 0.760049
8543.5 0.754988
8544.15 0.752024
8544.8 0.751338
8545.45 0.752876
8546.1 0.756352
8546.75 0.761314
8547.4 0.767221
8548.05 0.773557
8548.7 0.779922
8549.35 0.786092
8550.0 0.79202
8550.65 0.797785
8551.3 0.803524
8551.95 0.809353
8552.6 0.815309
8553.25 0.821329
8553.9 0.827252
8554.55 0.832842
8555.2 0.837815
8555.85 0.841877
8556.5 0.844765
8557.15 0.846303
8557.8 0.846453
8558.45 0.845343
8559.1 0.84329
8559.75 0.840754
8560.4 0.838263
8561.05 0.836316
8561.7 0.835274
8562.35 0.835296
8563.0 0.836324
8563.65 0.838125
8564.3 0.840373
8564.95 0.842756
8565.6 0.845031
8566.25 0.847054
8566.9 0.848752
8567.55 0.850085
8568.2 0.85098
8568.85 0.851328
8569.5 0.850989
8570.15 0.849832
8570.8 0.847782
8571.45 0.84486
8572.1 0.841191
8572.75 0.837003
8573.4 0.832583
8574.05 0.828231
8574.7 0.824213
8575.35 0.820692
8576.0 0.817697
8576.65 0.81512
8577.3 0.812752
8577.95 0.81036
8578.6 0.807773
8579.25 0.804961
8579.9 0.802074
8580.55 0.799408
8581.2 0.79734
8581.85 0.796223
8582.5 0.796305
8583.15 0.797671
8583.8 0.80024
8584.45 0.80379
8585.1 0.808012
8585.75 0.812545
8586.4 0.817005
8587.05 0.82101
8587.7 0.824179
8588.35 0.826153
8589.0 0.826617
8589.65 0.825336
8590.3 0.822188
8590.95 0.817195
8591.6 0.810537
8592.25 0.802551
8592.9 0.793703
8593.55 0.784551
8594.2 0.775683
8594.85 0.767655
8595.5 0.76093
8596.15 0.755826
8596.8 0.752511
8597.45 0.751
8598.1 0.7512
8598.75 0.752939
8599.4 0.756009
8600.05 0.760185
8600.7 0.765229
8601.35 0.770883
8602.0 0.776871
8602.65 0.782905
8603.3 0.78871
8603.95 0.794048
8604.6 0.798744
8605.25 0.802698
8605.9 0.805876
8606.55 0.808299
8607.2 0.810036
8607.85 0.811192
8608.5 0.811907
8609.15 0.812363
8609.8 0.812775
8610.45 0.813371
8611.1 0.814362
8611.75 0.815898
8612.4 0.81803
8613.05 0.820705
8613.7 0.823779
8614.35 0.827052
8615.0 0.830316
8615.65 0.833397
8616.3 0.836174
8616.95 0.83858
8617.6 0.840578
8618.25 0.842122
8618.9 0.843138
8619.55 0.84352
8620.2 0.843162
8620.85 0.842007
8621.5 0.840109
8622.15 0.837655
8622.8 0.834981
8623.45 0.8325
8624.1 0.830626
8624.75 0.829679
8625.4 0.829806
8626.05 0.830938
8626.7 0.832816
8627.35 0.835045
8628.0 0.837188
8628.65 0.838868
8629.3 0.839864
8629.95 0.840161
8630.6 0.83995
8631.25 0.839556
8631.9 0.83934
8632.55 0.839577
8633.2 0.840367
8633.85 0.841601
8634.5 0.842976
8635.15 0.844088
8635.8 0.844537
8636.45 0.844028
8637.1 0.842427
8637.75 0.839766
8638.4 0.836211
8639.05 0.831985
8639.7 0.827323
8640.35 0.822436
8641.0 0.817513
8641.65 0.812739
8642.3 0.80832
8642.95 0.804482
8643.6 0.801461
8644.25 0.799466
8644.9 0.798665
8645.55 0.799129
8646.2 0.800831
8646.85 0.803631
8647.5 0.807273
8648.15 0.811395
8648.8 0.815579
8649.45 0.819394
8650.1 0.82247
8650.75 0.82456
8651.4 0.825575
8652.05 0.825579
8652.7 0.824736
8653.35 0.82323
8654.0 0.821202
8654.65 0.818699
8655.3 0.815699
8655.95 0.81216
8656.6 0.808074
8657.25 0.803497
8657.9 0.798528
8658.55 0.79326
8659.2 0.787716
8659.85 0.781832
8660.5 0.775505
8661.15 0.76868
8661.8 0.761458
8662.45 0.754156
8663.1 0.747299
8663.75 0.741535
8664.4 0.737505
8665.05 0.735698
8665.7 0.736358
8666.35 0.739436
8667.0 0.74463
8667.65 0.751423
8668.3 0.759185
8668.95 0.76725
8669.6 0.77501
8670.25 0.78199
8670.9 0.787903
8671.55 0.792681
8672.2 0.796448
8672.85 0.799457
8673.5 0.802017
8674.15 0.804392
8674.8 0.806737
8675.45 0.80906
8676.1 0.811241
8676.75 0.813066
8677.4 0.814308
8678.05 0.814797
8678.7 0.814483
8679.35 0.813453
8680.0 0.811913
8680.65 0.810143
8681.3 0.808428
8681.95 0.807005
8682.6 0.806025
8683.25 0.805525
8683.9 0.805431
8684.55 0.805561
8685.2 0.805644
8685.85 0.805375
8686.5 0.804475
8687.15 0.802767
8687.8 0.800231
8688.45 0.797036
8689.1 0.793508
8689.75 0.790074
8690.4 0.78718
8691.05 0.78522
8691.7 0.784486
8692.35 0.785144
8693.0 0.787228
8693.65 0.790649
8694.3 0.795209
8694.95 0.800623
8695.6 0.806544
8696.25 0.812605
8696.9 0.818445
8697.55 0.823752
8698.2 0.828281
8698.85 0.831873
8699.5 0.834471
8700.15 0.836104
8700.8 0.83689
8701.45 0.837004
8702.1 0.836638
8702.75 0.835961
8703.4 0.835087
8704.05 0.834063
8704.7 0.832889
8705.35 0.831572
8706.0 0.830157
8706.65 0.82877
8707.3 0.827587
8707.95 0.826792
8708.6 0.826487
8709.25 0.826627
8709.9 0.826981
8710.55 0.827164
8711.2 0.826718
8711.85 0.825224
8712.5 0.822416
8713.15 0.818263
8713.8 0.812979
8714.45 0.806992
8715.1 0.800856
8715.75 0.795154
8716.4 0.790395
8717.05 0.786943
8717.7 0.784979
8718.35 0.784491
8719.0 0.785305
8719.65 0.787127
8720.3 0.789596
8720.95 0.792331
8721.6 0.794978
8722.25 0.797246
8722.9 0.798924
8723.55 0.799893
8724.2 0.800117
8724.85 0.799634
8725.5 0.798525
8726.15 0.796902
8726.8 0.794878
8727.45 0.792563
8728.1 0.790042
8728.75 0.787391
8729.4 0.784682
8730.05 0.782012
8730.7 0.779507
8731.35 0.777335
8732.0 0.775675
8732.65 0.7747
8733.3 0.774529
8733.95 0.77521
8734.6 0.776713
8735.25 0.778941
8735.9 0.781734
8736.55 0.78488
8737.2 0.788107
8737.85 0.791075
8738.5 0.793388
8739.15 0.79462
8739.8 0.794383
8740.45 0.792373
8741.1 0.788441
8741.75 0.782605
8742.4 0.775042
8743.05 0.766039
8743.7 0.755933
8744.35 0.745068
8745.0 0.733759
8745.65 0.722319
8746.3 0.711084
8746.95 0.700456
8747.6 0.690917
8748.25 0.683017
8748.9 0.677301
8749.55 0.674222
8750.2 0.674043
8750.85 0.676773
8751.5 0.682146
8752.15 0.68968
8752.8 0.698762
8753.45 0.708752
8754.1 0.719075
8754.75 0.729267
8755.4 0.738969
8756.05 0.747902
8756.7 0.755839
8757.35 0.762593
8758.0 0.768056
8758.65 0.772232
8759.3 0.775296
8759.95 0.777566
8760.6 0.779468
8761.25 0.781414
8761.9 0.783707
8762.55 0.786452
8763.2 0.789532
8763.85 0.792641
8764.5 0.795349
8765.15 0.797195
8765.8 0.797764
8766.45 0.796765
8767.1 0.794098
8767.75 0.789882
8768.4 0.78447
8769.05 0.778383
8769.7 0.772227
8770.35 0.766572
8771.0 0.761851
8771.65 0.758304
8772.3 0.755971
8772.95 0.754736
8773.6 0.754384
8774.25 0.754672
8774.9 0.755374
8775.55 0.756319
8776.2 0.757401
8776.85 0.758585
8777.5 0.759892
8778.15 0.761371
8778.8 0.763073
8779.45 0.765004
8780.1 0.767099
8780.75 0.769207
8781.4 0.771118
8782.05 0.772593
8782.7 0.773447
8783.35 0.773608
8784.0 0.773173
8784.65 0.772414
8785.3 0.771754
8785.95 0.771665
8786.6 0.772562
8787.25 0.774681
8787.9 0.778006
8788.55 0.782255
8789.2 0.786945
8789.85 0.791505
8790.5 0.795426
8791.15 0.798373
8791.8 0.80026
8792.45 0.801231
8793.1 0.801596
8793.75 0.801724
8794.4 0.801933
8795.05 0.802424
8795.7 0.803235
8796.35 0.804263
8797.0 0.805311
8797.65 0.806152
8798.3 0.806596
8798.95 0.806534
8799.6 0.805958
8800.25 0.804953
8800.9 0.803667
8801.55 0.802282
8802.2 0.800976
8802.85 0.7999
8803.5 0.799182
8804.15 0.798913
8804.8 0.799162
8805.45 0.799958
8806.1 0.801276
8806.75 0.803011
8807.4 0.804972
8808.05 0.806868
8808.7 0.808347
8809.35 0.809034
8810.0 0.80861
8810.65 0.806885
8811.3 0.80386
8811.95 0.799764
8812.6 0.795024
8813.25 0.7902
8813.9 0.785868
8814.55 0.782501
8815.2 0.780387
8815.85 0.779579
8816.5 0.779931
8817.15 0.781174
8817.8 0.783008
8818.45 0.785137
8819.1 0.787329
8819.75 0.789395
8820.4 0.791167
8821.05 0.792468
8821.7 0.793099
8822.35 0.792838
8823.0 0.791474
8823.65 0.788888
8824.3 0.78514
8824.95 0.780547
8825.6 0.77569
8826.25 0.771338
8826.9 0.768257
8827.55 0.767012
8828.2 0.767794
8828.85 0.770367
8829.5 0.774161
8830.15 0.778465
8830.8 0.782634
8831.45 0.786246
8832.1 0.789136
8832.75 0.791337
8833.4 0.792947
8834.05 0.794017
8834.7 0.794482
8835.35 0.794183
8836.0 0.792941
8836.65 0.790673
8837.3 0.787463
8837.95 0.783557
8838.6 0.77931
8839.25 0.775066
8839.9 0.771095
8840.55 0.767522
8841.2 0.764359
8841.85 0.761567
8842.5 0.759109
8843.15 0.757
8843.8 0.755298
8844.45 0.754089
8845.1 0.753456
8845.75 0.753456
8846.4 0.75411
8847.05 0.755401
8847.7 0.757249
8848.35 0.759507
8849.0 0.761935
8849.65 0.76422
8850.3 0.766022
8850.95 0.767034
8851.6 0.767041
8852.25 0.76595
8852.9 0.763768
8853.55 0.760539
8854.2 0.756281
8854.85 0.75093
8855.5 0.744351
8856.15 0.736384
8856.8 0.726941
8857.45 0.716105
8858.1 0.704193
8858.75 0.691772
8859.4 0.679627
8860.05 0.668667
8860.7 0.659801
8861.35 0.653798
8862.0 0.651165
8862.65 0.65208
8863.3 0.656345
8863.95 0.66343
8864.6 0.672534
8865.25 0.68271
8865.9 0.69298
8866.55 0.702482
8867.2 0.710587
8867.85 0.716987
8868.5 0.721711
8869.15 0.725088
8869.8 0.727632
8870.45 0.7299
8871.1 0.732343
8871.75 0.735205
8872.4 0.73848
8873.05 0.741942
8873.7 0.745238
8874.35 0.747994
8875.0 0.749918
8875.65 0.750876
8876.3 0.750922
8876.95 0.750279
8877.6 0.749329
8878.25 0.748552
8878.9 0.748474
8879.55 0.749617
8880.2 0.752446
8880.85 0.757296
8881.5 0.764319
8882.15 0.773409
8882.8 0.784158
8883.45 0.795823
8884.1 0.807367
8884.75 0.817586
8885.4 0.825287
8886.05 0.829544
8886.7 0.829904
8887.35 0.826515
8888.0 0.820095
8888.65 0.811752
8889.3 0.80273
8889.95 0.794144
8890.6 0.786777
8891.25 0.781031
8891.9 0.776948
8892.55 0.774333
8893.2 0.772878
8893.85 0.772263
8894.5 0.772207
8895.15 0.772473
8895.8 0.772852
8896.45 0.773159
8897.1 0.773223
8897.75 0.772924
8898.4 0.772199
8899.05 0.771045
8899.7 0.769523
8900.35 0.767725
8901.0 0.765759
8901.65 0.763736
8902.3 0.761778
8902.95 0.760017
8903.6 0.758588
8904.25 0.757608
8904.9 0.75713
8905.55 0.757117
8906.2 0.757424
8906.85 0.757819
8907.5 0.75802
8908.15 0.757741
8908.8 0.756744
8909.45 0.754877
8910.1 0.752091
8910.75 0.748474
8911.4 0.744225
8912.05 0.739631
8912.7 0.735003
8913.35 0.730618
8914.0 0.726642
8914.65 0.723088
8915.3 0.719815
8915.95 0.716581
8916.6 0.71314
8917.25 0.709349
8917.9 0.705264
8918.55 0.701179
8919.2 0.697584
8919.85 0.695059
8920.5 0.694121
8921.15 0.695079
8921.8 0.697946
8922.45 0.702441
8923.1 0.708058
8923.75 0.714188
8924.4 0.720233
8925.05 0.7257
8925.7 0.730231
8926.35 0.733635
8927.0 0.735868
8927.65 0.737028
8928.3 0.737331
8928.95 0.73706
8929.6 0.736526
8930.25 0.736005
8930.9 0.735701
8931.55 0.735747
8932.2 0.736192
8932.85 0.73705
8933.5 0.738297
8934.15 0.739846
8934.8 0.741524
8935.45 0.743052
8936.1 0.744064
8936.75 0.744188
8937.4 0.743143
8938.05 0.740842
8938.7 0.737424
8939.35 0.733215
8940.0 0.728634
8940.65 0.724076
8941.3 0.719815
8941.95 0.71599
8942.6 0.712634
8943.25 0.709743
8943.9 0.707325
8944.55 0.705435
8945.2 0.70417
8945.85 0.703616
8946.5 0.703811
8947.15 0.704695
8947.8 0.706089
8948.45 0.70772
8949.1 0.709244
8949.75 0.710322
8950.4 0.710685
8951.05 0.710202
8951.7 0.708925
8952.35 0.707107
8953.0 0.705165
8953.65 0.703626
8954.3 0.703029
8954.95 0.703782
8955.6 0.706073
8956.25 0.709776
8956.9 0.714458
8957.55 0.719445
8958.2 0.723949
8958.85 0.727242
8959.5 0.728792
8960.15 0.728382
8960.8 0.726142
8961.45 0.722507
8962.1 0.718133
8962.75 0.713746
8963.4 0.709987
8964.05 0.707299
8964.7 0.705865
8965.35 0.705608
8966.0 0.706234
8966.65 0.707295
8967.3 0.708266
8967.95 0.708609
8968.6 0.707875
8969.25 0.705776
8969.9 0.702283
8970.55 0.697671
8971.2 0.692495
8971.85 0.687502
8972.5 0.683464
8973.15 0.681018
8973.8 0.680522
8974.45 0.681974
8975.1 0.685018
8975.75 0.689015
8976.4 0.693195
8977.05 0.696832
8977.7 0.699445
8978.35 0.700934
8979.0 0.701629
8979.65 0.702176
8980.3 0.703313
8980.95 0.705571
8981.6 0.708989
8982.25 0.712971
8982.9 0.716328
8983.55 0.71753
8984.2 0.715098
8984.85 0.708036
8985.5 0.69615
8986.15 0.680166
8986.8 0.661598
8987.45 0.64243
8988.1 0.624667
8988.75 0.609969
8989.4 0.599416
8990.05 0.593473
8990.7 0.592119
8991.35 0.595012
8992.0 0.601634
8992.65 0.611326
8993.3 0.623301
8993.95 0.636605
8994.6 0.650156
8995.25 0.662814
8995.9 0.673507
8996.55 0.681368
8997.2 0.685845
8997.85 0.686763
8998.5 0.684347
8999.15 0.679171
8999.8 0.672085
9000.45 0.664094
9001.1 0.656219
9001.75 0.649354
9002.4 0.644157
9003.05 0.640972
9003.7 0.639797
9004.35 0.640296
9005.0 0.64188
9005.65 0.643811
9006.3 0.645325
9006.95 0.645768
9007.6 0.644676
9008.25 0.641799
9008.9 0.637092
9009.55 0.630695
9010.2 0.622905
9010.85 0.614157
9011.5 0.604992
9012.15 0.595987
9012.8 0.587693
9013.45 0.580584
9014.1 0.57506
9014.75 0.571471
9015.4 0.570179
9016.05 0.571534
9016.7 0.575806
9017.35 0.583013
9018.0 0.592759
9018.65 0.604177
9019.3 0.616014
9019.95 0.626878
9020.6 0.635563
9021.25 0.64132
9021.9 0.644012
9022.55 0.644104
9023.2 0.642494
9023.85 0.640281
9024.5 0.638532
9025.15 0.638102
9025.8 0.639521
9026.45 0.642923
9027.1 0.648072
9027.75 0.654429
9028.4 0.661277
9029.05 0.667898
9029.7 0.673748
9030.35 0.678562
9031.0 0.682366
9031.65 0.685395
9032.3 0.687949
9032.95 0.690266
9033.6 0.692442
9034.25 0.694435
9034.9 0.696112
9035.55 0.697326
9036.2 0.697971
9036.85 0.697976
9037.5 0.697295
9038.15 0.695885
9038.8 0.693705
9039.45 0.690766
9040.1 0.687165
9040.75 0.683133
9041.4 0.679025
9042.05 0.675268
9042.7 0.672267
9043.35 0.670315
9044.0 0.669534
9044.65 0.669872
9045.3 0.671162
9045.95 0.673185
9046.6 0.675734
9047.25 0.678614
9047.9 0.681618
9048.55 0.684478
9049.2 0.686857
9049.85 0.688403
9050.5 0.688844
9051.15 0.688099
9051.8 0.686344
9052.45 0.683986
9053.1 0.681572
9053.75 0.679623
9054.4 0.678488
9055.05 0.678221
9055.7 0.678558
9056.35 0.678975
9057.0 0.678808
9057.65 0.677428
9058.3 0.674415
9058.95 0.6697
9059.6 0.663631
9060.25 0.656955
9060.9 0.650655
9061.55 0.64575
9062.2 0.643043
9062.85 0.64292
9063.5 0.645244
9064.15 0.649374
9064.8 0.654315
9065.45 0.658964
9066.1 0.662352
9066.75 0.663839
9067.4 0.663225
9068.05 0.660721
9068.7 0.656847
9069.35 0.652281
9070.0 0.647722
9070.65 0.643812
9071.3 0.641081
9071.95 0.639931
9072.6 0.640594
9073.25 0.643069
9073.9 0.647068
9074.55 0.65198
9075.2 0.65693
9075.85 0.660912
9076.5 0.663011
9077.15 0.662632
9077.8 0.659679
9078.45 0.654637
9079.1 0.648493
9079.75 0.642536
9080.4 0.638045
9081.05 0.635968
9081.7 0.636658
9082.35 0.639793
9083.0 0.64444
9083.65 0.649345
9084.3 0.653282
9084.95 0.655397
9085.6 0.655432
9086.25 0.653742
9086.9 0.651134
9087.55 0.648601
9088.2 0.647021
9088.85 0.646938
9089.5 0.648473
9090.15 0.651367
9090.8 0.655112
9091.45 0.659112
9092.1 0.662829
9092.75 0.665876
9093.4 0.668038
9094.05 0.669236
9094.7 0.669468
9095.35 0.668722
9096.0 0.666978
9096.65 0.664229
9097.3 0.660565
9097.95 0.656268
9098.6 0.651834
9099.25 0.647923
9099.9 0.645197
9100.55 0.644105
9101.2 0.644707
9101.85 0.646606
9102.5 0.649033
9103.15 0.651085
9103.8 0.651999
9104.45 0.651403
9105.1 0.649425
9105.75 0.646644
9106.4 0.6439
9107.05 0.642037
9107.7 0.641675
9108.35 0.643063
9109.0 0.646061
9109.65 0.650217
9110.3 0.654913
9110.95 0.659497
9111.6 0.663408
9112.25 0.666225
9112.9 0.667663
9113.55 0.66756
9114.2 0.665848
9114.85 0.662566
9115.5 0.657903
9116.15 0.652243
9116.8 0.646201
9117.45 0.640571
9118.1 0.636227
9118.75 0.633945
9119.4 0.634219
9120.05 0.637128
9120.7 0.642315
9121.35 0.649072
9122.0 0.656506
9122.65 0.663717
9123.3 0.669946
9123.95 0.67464
9124.6 0.677454
9125.25 0.678208
9125.9 0.676859
9126.55 0.673494
9127.2 0.66837
9127.85 0.66195
9128.5 0.654906
9129.15 0.648036
9129.8 0.642119
9130.45 0.637701
9131.1 0.634915
9131.75 0.63341
9132.4 0.632442
9133.05 0.631106
9133.7 0.628675
9134.35 0.624902
9135.0 0.620157
9135.65 0.615363
9136.3 0.611723
9136.95 0.610348
9137.6 0.611913
9138.25 0.616465
9138.9 0.623426
9139.55 0.631763
9140.2 0.640283
9140.85 0.647903
9141.5 0.653863
9142.15 0.657807
9142.8 0.65977
9143.45 0.660079
9144.1 0.659228
9144.75 0.657736
9145.4 0.656032
9146.05 0.654377
9146.7 0.652829
9147.35 0.651228
9148.0 0.649246
9148.65 0.646467
9149.3 0.642495
9149.95 0.63708
9150.6 0.630218
9151.25 0.622197
9151.9 0.61359
9152.55 0.605186
9153.2 0.597864
9153.85 0.59246
9154.5 0.589636
9155.15 0.589764
9155.8 0.592844
9156.45 0.598474
9157.1 0.605896
9157.75 0.614124
9158.4 0.622135
9159.05 0.629079
9159.7 0.634428
9160.35 0.638027
9161.0 0.64002
9161.65 0.640714
9162.3 0.640428
9162.95 0.639402
9163.6 0.637782
9164.25 0.635662
9164.9 0.633144
9165.55 0.630385
9166.2 0.627584
9166.85 0.624932
9167.5 0.622547
9168.15 0.620402
9168.8 0.618308
9169.45 0.61592
9170.1 0.612816
9170.75 0.608618
9171.4 0.603139
9172.05 0.596496
9172.7 0.589173
9173.35 0.581961
9174.0 0.575822
9174.65 0.571669
9175.3 0.57016
9175.95 0.571533
9176.6 0.575553
9177.25 0.58157
9177.9 0.588677
9178.55 0.595902
9179.2 0.602395
9179.85 0.60756
9180.5 0.611109
9181.15 0.613044
9181.8 0.613604
9182.45 0.613186
9183.1 0.612278
9183.75 0.611392
9184.4 0.611005
9185.05 0.611479
9185.7 0.612995
9186.35 0.615503
9187.0 0.618718
9187.65 0.622169
9188.3 0.625301
9188.95 0.627589
9189.6 0.628645
9190.25 0.628277
9190.9 0.626502
9191.55 0.623509
9192.2 0.619606
9192.85 0.615165
9193.5 0.610591
9194.15 0.606292
9194.8 0.602664
9195.45 0.600055
9196.1 0.598712
9196.75 0.598718
9197.4 0.599971
9198.05 0.602209
9198.7 0.60507
9199.35 0.608195
9200.0 0.611307
9200.65 0.614252
9201.3 0.616973
9201.95 0.619444
9202.6 0.621592
9203.25 0.623235
9203.9 0.624078
9204.55 0.623757
9205.2 0.621927
9205.85 0.618379
9206.5 0.613122
9207.15 0.606411
9207.8 0.598729
9208.45 0.590687
9209.1 0.582925
9209.75 0.575988
9210.4 0.570273
9211.05 0.566
9211.7 0.563232
9212.35 0.561904
9213.0 0.561869
9213.65 0.562923
9214.3 0.564832
9214.95 0.567351
9215.6 0.570249
9216.25 0.573321
9216.9 0.576397
9217.55 0.579334
9218.2 0.582
9218.85 0.584237
9219.5 0.585835
9220.15 0.586529
9220.8 0.586007
9221.45 0.583954
9222.1 0.580105
9222.75 0.574312
9223.4 0.566605
9224.05 0.55722
9224.7 0.546619
9225.35 0.535458
9226.0 0.524539
9226.65 0.514718
9227.3 0.506788
9227.95 0.501381
9228.6 0.498865
9229.25 0.499288
9229.9 0.50241
