# RA DEC XI ETA F475W F814W V VERR
10.985 41.213 0.226 -0.056 21.796 20.986 -201.263 3.707 
10.986 41.628 0.226 0.359 21.759 21.886 -87.197 4.215 
11.113 41.592 0.321 0.324 22.789 21.157 -118.089 3.059 
11.274 41.555 0.442 0.288 22.656 21.144 -211.821 3.256 
11.328 41.88 0.482 0.613 21.732 20.134 -69.622 1.63 
11.284 41.875 0.449 0.607 24.516 22.776 -88.544 6.211 
11.412 41.875 0.544 0.608 22.711 22.356 -19.897 6.377 
11.426 41.904 0.555 0.637 22.873 22.619 -57.592 5.368 
11.173 41.875 0.365 0.607 21.506 21.495 -156.971 2.185 
11.126 41.888 0.33 0.619 22.613 21.078 -131.307 2.463 
11.132 41.911 0.335 0.643 22.836 22.412 -22.851 8.026 
11.206 41.861 0.391 0.593 20.702 19.871 -62.029 0.9 
11.438 41.808 0.564 0.541 22.211 21.968 -117.261 8.913 
11.414 41.855 0.546 0.588 22.605 21.622 -115.01 6.557 
11.14 41.867 0.341 0.599 23.056 21.496 -129.724 1.914 
11.123 41.838 0.328 0.569 22.404 22.34 -125.875 4.101 
11.785 42.278 0.821 1.014 22.517 20.908 -48.401 2.257 
11.163 41.493 0.359 0.225 20.947 21.08 -282.988 6.81 
11.108 41.59 0.318 0.321 24.124 22.586 -256.2 6.741 
11.09 41.592 0.304 0.324 20.366 20.429 -150.219 5.737 
11.11 41.595 0.319 0.326 20.72 20.641 -216.098 3.935 
11.076 41.562 0.293 0.293 20.869 20.988 -124.019 2.236 
11.109 41.634 0.318 0.365 20.811 20.477 -72.986 5.919 
11.117 41.55 0.325 0.281 20.695 20.744 -121.404 7.031 
11.08 41.574 0.297 0.306 18.997 18.861 -39.866 4.79 
11.104 41.616 0.314 0.348 19.454 19.341 -60.253 3.29 
11.029 41.674 0.258 0.405 19.738 19.841 -113.895 4.551 
11.121 41.607 0.327 0.338 20.35 20.365 -59.984 1.968 
11.095 41.622 0.307 0.353 21.387 20.626 -69.777 3.394 
11.093 41.65 0.306 0.381 21.527 20.54 -63.567 4.449 
11.107 41.611 0.317 0.342 20.674 20.74 -68.188 2.296 
11.102 41.617 0.313 0.348 19.077 18.611 -31.269 2.022 
11.032 41.667 0.261 0.398 18.879 18.279 -118.132 1.742 
11.069 41.619 0.288 0.35 19.138 18.539 -137.135 1.515 
11.09 41.636 0.304 0.367 21.65 20.986 -60.571 4.077 
11.075 41.666 0.293 0.397 21.093 20.388 -68.48 2.349 
11.081 41.576 0.297 0.307 19.534 19.205 -82.091 1.953 
11.124 41.575 0.33 0.307 20.719 20.151 -33.636 2.391 
11.114 41.616 0.322 0.348 21.538 20.913 -29.273 -299800.0 
11.044 41.655 0.269 0.386 21.018 19.956 -231.604 6.276 
11.112 41.571 0.32 0.302 19.443 18.689 -45.953 1.04 
11.178 41.538 0.371 0.269 21.614 20.159 -336.238 -299800.0 
11.105 41.616 0.315 0.347 19.603 18.966 -41.025 1.045 
11.088 41.615 0.302 0.346 20.476 19.317 -58.274 0.669 
11.006 41.652 0.241 0.383 21.949 20.802 -105.224 3.853 
11.097 41.592 0.309 0.324 21.748 20.805 -59.476 4.754 
11.129 41.584 0.333 0.316 20.778 19.46 -63.671 0.903 
11.103 41.579 0.314 0.311 21.461 19.853 -73.561 0.912 
11.139 41.577 0.341 0.309 20.899 19.522 -123.569 1.279 
11.1 41.607 0.312 0.338 21.154 19.458 -75.106 0.913 
11.768 42.286 0.809 1.022 23.651 21.954 -124.563 8.558 
11.636 42.231 0.71 0.966 21.58 21.65 -106.101 9.434 
11.674 42.181 0.739 0.916 18.983 18.877 -39.206 1.247 
11.584 42.201 0.672 0.936 20.797 20.959 -54.498 4.571 
11.586 42.214 0.673 0.948 21.288 20.886 -112.986 4.068 
11.557 42.23 0.651 0.964 20.895 20.584 -16.546 8.06 
11.488 41.808 0.601 0.542 20.199 19.766 -123.365 3.283 
11.313 42.016 0.47 0.748 19.009 18.067 -68.756 0.367 
11.185 41.857 0.375 0.589 20.873 20.748 -124.951 3.084 
11.173 41.89 0.366 0.622 20.612 20.344 -50.963 2.574 
11.267 41.892 0.436 0.624 20.342 20.202 -128.565 3.628 
11.238 41.925 0.414 0.657 19.745 19.186 -104.49 1.421 
11.195 41.415 0.383 0.147 22.565 21.041 -200.044 2.413 
11.206 41.43 0.391 0.162 22.48 20.991 -200.698 5.029 
11.198 41.456 0.385 0.188 22.311 20.959 -203.505 2.598 
11.211 41.484 0.395 0.216 20.835 20.668 -169.222 3.165 
11.274 41.555 0.442 0.288 22.656 21.144 -205.796 2.957 
11.115 41.645 0.322 0.377 21.748 21.031 -101.069 3.377 
11.005 41.65 0.24 0.381 20.925 20.52 -96.391 9.813 
11.122 41.63 0.328 0.361 21.961 20.709 -34.97 4.246 
11.326 41.608 0.481 0.34 21.422 20.78 -174.446 2.929 
11.072 41.657 0.29 0.389 21.886 21.675 -61.908 4.834 
11.375 41.639 0.518 0.372 22.801 21.067 -177.314 2.139 
11.178 41.768 0.369 0.5 22.701 21.818 -37.419 6.362 
11.362 41.705 0.508 0.437 22.869 21.172 -120.797 2.94 
11.395 41.711 0.532 0.444 22.113 20.489 -49.86 2.055 
11.374 41.834 0.516 0.567 23.246 21.506 -81.757 4.218 
11.412 41.875 0.544 0.608 22.711 22.356 -67.994 5.943 
11.284 41.885 0.449 0.618 21.907 21.63 -31.388 5.677 
11.304 41.896 0.464 0.629 21.513 21.503 -98.193 5.016 
11.279 41.957 0.445 0.689 22.673 21.484 -89.489 5.5 
11.237 41.975 0.413 0.707 22.603 22.423 -55.959 6.83 
11.25 41.986 0.423 0.718 21.472 21.423 -138.331 2.214 
11.426 41.904 0.555 0.637 22.873 22.619 -52.14 3.801 
11.379 41.941 0.52 0.674 22.409 21.032 -50.292 4.599 
11.361 41.942 0.506 0.675 22.736 21.049 -153.638 4.157 
11.389 41.962 0.527 0.695 20.73 20.647 3.18 6.758 
11.37 41.986 0.513 0.719 21.598 21.325 -98.66 7.349 
11.493 41.921 0.605 0.655 23.028 21.348 -82.082 4.179 
11.502 41.929 0.612 0.662 21.957 20.542 -51.109 2.396 
11.469 41.973 0.587 0.707 22.457 22.068 -155.024 9.173 
11.656 41.989 0.727 0.724 22.454 21.261 -67.119 3.516 
11.603 42.024 0.686 0.759 23.455 21.82 -23.066 5.829 
11.069 41.116 0.289 -0.153 22.736 21.186 -106.7 7.577 
10.996 41.135 0.234 -0.133 21.595 20.49 -289.208 3.029 
11.032 41.153 0.262 -0.116 20.919 19.625 -46.061 2.95 
11.038 41.199 0.265 -0.069 21.882 20.892 -369.529 9.484 
11.043 41.219 0.269 -0.05 22.591 22.593 -196.728 89.564 
11.105 41.251 0.316 -0.017 21.737 20.351 -22.726 3.745 
11.153 41.278 0.352 0.01 20.76 19.539 -126.44 4.974 
11.116 41.296 0.324 0.028 22.534 22.017 -324.266 -299800.0 
11.122 41.322 0.329 0.053 22.912 21.828 -304.373 14.661 
11.202 41.332 0.389 0.064 21.31 20.212 -522.316 10.344 
11.13 41.334 0.335 0.065 18.537 18.454 -233.481 3.148 
11.137 41.338 0.34 0.07 22.049 21.202 -238.088 10.182 
11.196 41.341 0.384 0.073 20.557 19.973 -291.819 3.652 
11.148 41.345 0.348 0.076 18.742 17.961 -239.889 0.755 
11.185 41.347 0.376 0.078 22.172 22.115 -157.158 11.795 
11.123 41.263 0.33 -0.005 21.443 21.481 -232.831 13.787 
11.086 41.269 0.302 0.001 22.388 20.969 -257.2 3.437 
11.09 41.274 0.305 0.005 22.376 22.254 -218.743 6.347 
11.063 41.277 0.285 0.008 22.505 22.326 -71.09 21.267 
11.158 41.283 0.356 0.014 22.702 21.933 -244.039 14.128 
11.08 41.292 0.297 0.023 20.855 20.849 -86.124 9.401 
11.089 41.294 0.304 0.025 19.113 17.864 -284.108 0.569 
11.095 41.297 0.308 0.028 22.743 21.339 -251.673 7.355 
11.097 41.297 0.31 0.028 22.01 20.73 -244.006 4.083 
11.086 41.297 0.301 0.029 18.794 18.314 -268.241 2.367 
11.168 41.306 0.363 0.038 20.931 19.913 -227.63 1.779 
11.107 41.308 0.317 0.04 21.915 21.759 -341.39 17.853 
11.098 41.308 0.311 0.04 21.21 20.799 -286.713 10.756 
11.124 41.308 0.33 0.04 21.406 20.963 -250.143 4.027 
11.166 41.308 0.362 0.04 22.807 22.199 -282.293 11.43 
11.204 41.309 0.39 0.04 20.495 19.716 65.835 1.944 
11.104 41.312 0.315 0.043 21.995 21.716 -290.231 15.038 
11.112 41.319 0.321 0.051 20.059 19.812 -252.433 2.47 
11.132 41.322 0.336 0.054 20.844 20.649 -210.451 10.266 
11.123 41.323 0.329 0.055 22.001 21.834 -235.775 -299800.0 
11.157 41.328 0.355 0.06 20.964 20.668 -267.034 23.232 
11.16 41.335 0.357 0.067 22.049 20.656 -242.802 3.945 
11.126 41.339 0.332 0.07 22.178 22.057 -239.829 10.381 
11.131 41.34 0.335 0.072 21.059 20.089 -242.99 4.139 
11.198 41.341 0.386 0.073 22.495 22.203 -238.142 20.581 
11.139 41.343 0.341 0.074 22.797 22.524 -18.509 10.951 
11.151 41.344 0.35 0.075 21.096 20.612 -175.079 12.119 
11.151 41.344 0.35 0.076 23.63 21.93 -233.53 29.41 
11.144 41.344 0.345 0.075 21.748 21.438 -231.37 30.431 
11.234 41.351 0.412 0.083 18.958 18.821 -260.43 2.717 
11.144 41.353 0.345 0.085 20.67 19.706 -214.858 2.451 
11.162 41.358 0.359 0.089 21.681 21.354 -206.774 12.003 
11.178 41.358 0.37 0.09 21.891 20.398 -398.508 1.926 
11.154 41.36 0.353 0.092 22.185 21.458 -201.899 16.36 
11.165 41.373 0.361 0.105 19.109 18.907 -296.405 3.219 
11.19 41.38 0.38 0.112 20.571 20.347 -175.42 15.875 
11.18 41.38 0.372 0.112 19.944 19.414 -225.512 -599600.0 
11.202 41.387 0.389 0.119 22.115 22.016 -242.64 8.165 
11.242 41.393 0.418 0.125 21.771 21.266 -233.905 9.116 
11.256 41.402 0.429 0.134 21.569 21.198 -222.767 20.2 
11.242 41.403 0.418 0.135 22.427 21.712 -257.903 9.528 
11.279 41.414 0.446 0.146 20.692 20.518 -213.001 6.431 
11.306 41.43 0.467 0.162 18.208 17.891 -49.128 0.415 
11.323 41.431 0.479 0.163 21.487 20.573 -216.755 4.618 
11.292 41.441 0.456 0.173 22.121 22.156 -133.762 16.887 
11.339 41.443 0.491 0.175 21.946 22.098 -76.956 9.73 
11.333 41.453 0.487 0.186 22.299 22.228 -187.122 14.106 
11.31 41.455 0.469 0.188 22.752 22.708 -154.965 25.683 
11.27 41.456 0.44 0.188 22.431 22.235 -267.95 18.245 
11.27 41.458 0.439 0.19 21.131 20.96 -33.645 18.658 
11.292 41.481 0.456 0.213 21.028 20.816 -43.75 10.338 
11.146 41.364 0.346 0.096 22.311 21.878 -163.057 18.666 
11.173 41.369 0.367 0.101 20.715 20.365 -226.789 9.328 
11.204 41.383 0.39 0.115 21.541 20.64 -224.793 5.171 
11.146 41.384 0.347 0.115 19.793 19.15 -228.37 2.692 
11.157 41.391 0.354 0.123 21.174 20.152 -222.486 9.115 
11.185 41.393 0.376 0.125 20.993 20.808 -129.108 15.498 
11.188 41.396 0.378 0.128 19.578 18.086 -195.885 0.749 
11.167 41.396 0.362 0.128 21.878 21.272 -195.499 11.269 
11.178 41.404 0.371 0.136 22.284 21.595 -172.454 5.734 
11.152 41.406 0.351 0.138 21.587 19.932 -213.891 4.353 
11.185 41.407 0.376 0.139 21.999 21.404 -428.974 12.37 
11.168 41.411 0.363 0.143 21.598 20.514 -241.958 6.386 
11.155 41.415 0.353 0.147 21.693 20.768 -172.772 11.631 
11.152 41.422 0.351 0.154 19.366 19.21 -235.423 7.534 
11.168 41.432 0.363 0.164 21.275 21.377 -242.788 8.682 
11.171 41.437 0.365 0.169 20.407 20.144 -174.015 12.976 
11.154 41.439 0.353 0.171 22.016 21.833 -302.539 37.041 
11.138 41.444 0.341 0.175 21.08 19.583 -248.327 2.269 
11.187 41.446 0.377 0.178 19.774 19.755 -225.991 6.646 
11.134 41.452 0.337 0.183 22.239 21.205 -227.921 23.218 
11.217 41.453 0.4 0.185 21.533 20.56 -190.205 5.103 
11.146 41.455 0.347 0.186 22.023 21.119 -216.194 42.018 
11.193 41.455 0.382 0.187 21.8 21.664 -237.778 23.274 
11.19 41.458 0.379 0.19 21.643 21.598 -170.487 21.575 
11.132 41.459 0.336 0.191 21.331 19.833 -80.695 43.099 
11.19 41.468 0.38 0.2 20.518 20.473 -200.184 -299800.0 
11.202 41.474 0.388 0.206 21.878 21.797 -14.307 5.456 
11.168 41.478 0.363 0.209 21.463 20.638 -185.27 17.774 
11.197 41.479 0.385 0.211 21.685 20.975 -26.007 13.939 
11.128 41.484 0.332 0.215 21.309 21.12 -97.549 -299800.0 
11.159 41.487 0.356 0.218 20.482 20.582 -107.719 10.52 
11.115 41.496 0.323 0.228 22.386 21.246 -82.574 11.814 
11.126 41.497 0.331 0.228 18.931 17.902 -175.42 0.443 
11.123 41.509 0.329 0.24 21.571 20.126 -173.097 2.877 
11.186 41.513 0.377 0.244 20.97 20.68 -144.179 10.857 
11.131 41.536 0.335 0.268 22.064 21.868 -42.786 8.066 
11.157 41.542 0.354 0.274 21.723 20.189 -170.401 2.651 
11.14 41.55 0.341 0.282 21.642 21.521 -11.101 17.448 
11.119 41.55 0.326 0.282 20.55 20.459 -89.787 39.836 
11.112 41.553 0.321 0.284 22.207 20.481 -130.46 7.657 
11.13 41.553 0.334 0.285 21.551 21.621 -104.133 12.2 
11.108 41.564 0.317 0.296 21.83 21.908 -216.967 15.109 
11.097 41.574 0.309 0.305 20.808 20.675 -13.561 8.922 
11.124 41.575 0.33 0.307 20.719 20.151 -19.806 8.247 
11.117 41.58 0.325 0.311 22.478 22.477 -100.024 20.67 
11.105 41.581 0.315 0.313 17.7 17.204 -119.47 0.662 
11.106 41.585 0.316 0.316 22.103 21.147 -60.34 10.351 
11.112 41.588 0.32 0.32 22.166 22.203 20.602 13.395 
11.111 41.59 0.32 0.321 22.799 22.646 -98.579 33.993 
11.116 41.592 0.324 0.323 21.466 21.25 14.663 11.682 
11.115 41.596 0.323 0.327 20.856 20.142 -70.879 5.545 
11.164 41.599 0.36 0.331 19.349 18.36 -135.603 1.472 
11.109 41.602 0.318 0.334 19.505 19.004 -67.11 1.928 
11.112 41.609 0.32 0.341 21.047 21.059 164.026 20.313 
11.165 41.618 0.36 0.349 20.334 20.4 -105.419 8.452 
11.096 41.62 0.308 0.351 21.748 21.262 66.128 7.91 
11.163 41.62 0.359 0.352 21.032 20.229 -135.083 5.804 
11.114 41.631 0.322 0.363 23.039 22.792 -575.545 13.205 
11.043 41.222 0.269 -0.046 22.08 21.987 -350.989 11.309 
11.059 41.225 0.282 -0.044 22.066 21.549 -339.325 23.072 
11.099 41.231 0.312 -0.037 20.404 19.923 -281.092 9.304 
11.03 41.233 0.26 -0.036 22.465 22.241 -306.43 -299800.0 
11.027 41.233 0.257 -0.036 20.938 20.121 -256.833 8.05 
11.022 41.238 0.254 -0.031 20.763 19.301 -257.87 3.838 
11.015 41.24 0.248 -0.028 21.507 21.034 -195.58 17.347 
11.035 41.244 0.263 -0.025 20.567 20.267 -280.81 16.541 
11.054 41.254 0.277 -0.015 22.393 22.133 -285.437 19.879 
11.037 41.261 0.265 -0.008 18.862 18.501 -183.687 4.009 
11.019 41.263 0.251 -0.006 22.357 21.785 -119.661 25.99 
11.029 41.265 0.259 -0.004 21.39 20.311 -237.701 17.277 
11.064 41.27 0.285 0.001 21.457 20.547 -289.071 11.837 
11.055 41.271 0.278 0.002 21.982 21.235 -349.527 24.519 
11.02 41.273 0.252 0.004 21.387 20.881 -274.272 -299800.0 
11.046 41.278 0.271 0.01 20.67 20.376 -373.653 6.841 
11.06 41.279 0.282 0.011 19.489 19.462 -251.929 16.745 
11.039 41.282 0.266 0.013 20.574 19.696 -234.559 10.366 
11.025 41.284 0.256 0.016 20.779 20.731 -11.51 22.617 
11.044 41.293 0.27 0.025 19.905 19.45 -249.174 -299800.0 
11.082 41.296 0.299 0.027 20.245 19.744 -226.662 9.09 
11.049 41.301 0.274 0.032 19.863 19.564 -239.879 12.971 
11.071 41.302 0.29 0.033 19.426 19.045 -264.299 10.202 
11.034 41.306 0.263 0.037 20.635 19.078 -407.446 8.336 
11.052 41.308 0.276 0.039 21.008 19.814 -277.35 7.901 
11.03 41.314 0.26 0.046 21.338 20.534 -232.361 -299800.0 
11.055 41.325 0.279 0.056 21.351 20.835 -196.274 10.353 
11.08 41.331 0.297 0.062 21.05 20.642 -291.812 14.129 
11.033 41.333 0.262 0.064 20.056 20.108 -240.694 15.742 
11.056 41.334 0.279 0.065 21.97 22.012 -243.716 16.004 
11.038 41.34 0.265 0.071 20.158 19.565 -214.455 18.646 
11.005 41.345 0.241 0.076 22.749 21.067 -278.257 32.897 
11.067 41.345 0.287 0.077 21.92 20.355 -267.638 -299800.0 
10.998 41.353 0.236 0.084 21.684 21.473 -262.695 15.603 
11.063 41.353 0.284 0.085 20.216 20.161 -184.743 20.258 
10.967 41.363 0.212 0.094 21.543 21.204 -68.274 14.245 
11.055 41.366 0.279 0.097 20.4 19.912 -246.877 9.834 
11.031 41.366 0.26 0.097 21.404 21.015 -265.541 -299800.0 
11.009 41.368 0.244 0.099 21.48 21.115 -252.364 -299800.0 
10.951 41.37 0.2 0.101 20.539 19.917 -189.23 9.411 
11.058 41.38 0.28 0.111 21.381 20.373 -213.655 49.445 
11.019 41.38 0.251 0.111 21.198 20.335 -239.526 21.743 
10.978 41.38 0.22 0.111 21.05 19.596 -155.875 6.903 
10.986 41.407 0.226 0.138 22.04 21.931 -234.532 11.647 
10.969 41.411 0.214 0.142 21.617 20.055 -201.282 11.392 
10.985 41.411 0.226 0.142 21.096 20.473 -212.07 19.751 
10.988 41.413 0.228 0.144 21.805 21.06 -185.443 26.758 
10.984 41.426 0.224 0.157 21.5 21.386 -78.316 9.161 
10.977 41.428 0.22 0.159 22.105 20.788 79.684 21.74 
11.014 41.429 0.247 0.16 22.494 21.572 -133.915 22.55 
10.982 41.44 0.223 0.171 20.727 20.311 -138.375 7.386 
11.434 41.568 0.562 0.301 21.366 21.022 -244.814 7.339 
11.41 41.583 0.544 0.316 21.146 20.118 -192.535 3.439 
11.43 41.59 0.559 0.323 21.742 21.792 -212.364 40.467 
11.507 41.602 0.617 0.335 22.217 21.882 -151.275 11.502 
11.417 41.606 0.549 0.34 20.72 20.023 -225.572 2.59 
11.46 41.61 0.581 0.344 20.661 19.618 -121.503 7.24 
11.477 41.612 0.594 0.346 20.858 20.021 -167.421 2.579 
11.462 41.616 0.583 0.35 21.405 20.274 -164.174 2.782 
11.493 41.625 0.606 0.358 22.807 22.457 -151.529 18.17 
11.47 41.637 0.589 0.371 21.141 19.846 -120.586 2.044 
11.443 41.65 0.568 0.383 22.031 22.189 -180.171 13.336 
11.486 41.656 0.601 0.389 21.694 21.017 -155.139 5.137 
11.446 41.661 0.571 0.394 21.943 21.905 -40.698 15.011 
11.436 41.661 0.563 0.394 22.401 22.571 -18.812 11.887 
11.456 41.668 0.579 0.401 21.018 19.697 -83.867 6.389 
11.44 41.668 0.566 0.402 22.541 21.076 -151.526 10.371 
11.491 41.688 0.604 0.422 20.595 19.873 -171.199 5.776 
11.476 41.694 0.593 0.427 22.963 22.835 -146.897 11.205 
11.452 41.695 0.575 0.429 21.24 21.311 -135.33 22.693 
11.451 41.701 0.575 0.435 19.207 18.583 -180.093 0.761 
11.474 41.703 0.592 0.436 21.208 21.046 -148.366 4.017 
11.46 41.707 0.581 0.44 21.542 21.522 -115.098 16.092 
11.518 41.715 0.625 0.449 20.604 19.574 -273.562 3.237 
11.462 41.716 0.582 0.449 20.909 19.795 -335.839 1.338 
11.489 41.724 0.602 0.457 22.166 21.967 -215.049 8.379 
11.501 41.746 0.612 0.479 20.766 19.447 -187.828 1.377 
11.56 41.752 0.656 0.486 21.793 20.059 -89.399 3.622 
11.478 41.754 0.595 0.487 21.322 21.228 -238.799 30.297 
11.506 41.759 0.616 0.493 22.717 21.695 -115.203 18.085 
11.527 41.774 0.631 0.508 22.4 22.441 -32.107 9.418 
11.537 41.774 0.639 0.508 21.823 20.735 -195.783 6.345 
11.568 41.777 0.662 0.511 22.236 20.851 -67.844 4.494 
11.516 41.778 0.623 0.511 22.143 21.015 -179.511 12.007 
11.559 41.781 0.655 0.515 22.971 22.453 -236.538 7.512 
11.535 41.783 0.637 0.517 22.314 22.238 -136.364 -299800.0 
11.56 41.786 0.656 0.52 21.746 21.748 -150.028 41.031 
11.498 41.789 0.609 0.523 20.969 20.539 -91.116 5.569 
11.53 41.79 0.633 0.524 22.566 22.405 -138.407 16.518 
11.526 41.792 0.631 0.526 21.307 20.549 -128.078 3.6 
11.572 41.793 0.665 0.527 21.245 20.577 -89.178 4.495 
11.562 41.798 0.657 0.532 21.539 20.902 -236.068 6.477 
11.537 41.8 0.638 0.533 21.877 21.464 -150.66 8.047 
11.566 41.8 0.661 0.534 22.16 21.568 -189.856 10.014 
11.499 41.802 0.61 0.535 22.931 22.706 -121.939 26.251 
11.492 41.802 0.605 0.535 21.938 21.924 -144.958 18.873 
11.546 41.802 0.645 0.536 22.863 22.298 -139.185 9.253 
11.552 41.806 0.65 0.54 22.01 20.834 -131.802 6.577 
11.518 41.81 0.624 0.544 21.574 21.439 -85.747 15.093 
11.499 41.81 0.61 0.543 21.059 20.189 -115.827 3.273 
11.56 41.812 0.655 0.546 21.222 21.241 -129.762 10.615 
11.54 41.814 0.641 0.547 22.71 22.632 -50.483 25.73 
11.5 41.818 0.611 0.552 19.855 19.908 -89.951 8.334 
11.508 41.819 0.616 0.553 21.63 20.701 -106.621 4.848 
11.531 41.821 0.634 0.554 21.252 21.138 -30.792 9.111 
11.508 41.822 0.616 0.555 21.718 20.62 -86.357 8.566 
11.535 41.822 0.637 0.556 22.348 21.518 -168.082 14.163 
11.508 41.824 0.617 0.558 21.28 20.533 -110.605 7.639 
11.505 41.83 0.614 0.564 21.55 21.614 -92.611 9.023 
11.362 41.602 0.508 0.335 22.442 21.106 -178.907 12.853 
11.323 41.606 0.479 0.338 21.016 20.958 -101.688 17.433 
11.332 41.606 0.486 0.339 20.268 19.719 -168.32 3.265 
11.32 41.608 0.476 0.34 21.341 20.781 -116.986 5.604 
11.38 41.608 0.522 0.341 21.961 20.734 -234.492 8.317 
11.351 41.609 0.5 0.341 20.35 19.88 -142.242 7.403 
11.322 41.613 0.478 0.345 18.016 17.747 -154.885 1.366 
11.355 41.615 0.503 0.347 20.326 19.436 -164.916 2.273 
11.36 41.618 0.506 0.35 20.132 18.774 -158.803 1.182 
11.318 41.618 0.475 0.351 22.077 21.274 -9.464 20.009 
11.337 41.62 0.489 0.352 19.514 18.705 -126.36 1.218 
11.379 41.622 0.52 0.355 20.393 18.999 -198.252 1.908 
11.331 41.624 0.485 0.357 20.724 20.163 -126.54 7.519 
11.416 41.624 0.548 0.357 20.722 20.173 -153.386 3.435 
11.346 41.626 0.496 0.359 20.24 19.335 -183.949 2.011 
11.352 41.627 0.501 0.36 21.472 20.531 -133.52 8.197 
11.359 41.628 0.506 0.36 21.504 21.35 -88.022 30.125 
11.336 41.628 0.489 0.36 21.528 21.189 -116.8 15.486 
11.36 41.631 0.507 0.363 20.877 20.563 -172.079 9.964 
11.384 41.632 0.524 0.364 21.575 20.944 -127.683 14.886 
11.333 41.632 0.486 0.365 20.59 19.71 -112.708 2.79 
11.426 41.637 0.556 0.37 19.458 19.154 -181.973 1.799 
11.336 41.638 0.489 0.371 20.24 19.22 -149.446 1.978 
11.409 41.64 0.543 0.373 22.203 21.391 -219.844 10.515 
11.344 41.642 0.495 0.375 21.329 20.246 -130.841 3.503 
11.355 41.643 0.503 0.375 21.337 20.31 -132.713 5.004 
11.346 41.643 0.496 0.376 22.149 20.948 -166.239 9.659 
11.342 41.649 0.493 0.381 20.696 19.44 -113.829 2.011 
11.348 41.649 0.497 0.382 21.059 20.37 -154.248 4.376 
11.352 41.65 0.5 0.382 21.749 20.498 -182.999 5.106 
11.356 41.651 0.504 0.383 21.208 20.031 -311.335 4.598 
11.383 41.651 0.524 0.384 20.511 20.072 -131.595 8.455 
11.349 41.652 0.498 0.385 21.979 21.399 -46.081 20.732 
11.365 41.653 0.51 0.386 22.524 22.078 -162.453 -299800.0 
11.341 41.658 0.492 0.391 21.616 20.681 -99.247 6.214 
11.394 41.662 0.532 0.395 22.2 21.059 -170.635 6.245 
11.381 41.662 0.522 0.395 20.605 19.997 -132.077 3.585 
11.412 41.664 0.546 0.397 20.824 19.993 -154.867 2.618 
11.34 41.669 0.491 0.401 21.521 21.481 -153.016 15.591 
11.356 41.672 0.503 0.405 21.653 20.511 -128.261 5.312 
11.343 41.674 0.494 0.407 20.173 19.932 -110.074 3.839 
11.399 41.678 0.536 0.411 22.152 20.828 -145.704 7.611 
11.366 41.683 0.511 0.416 21.293 21.191 -44.699 17.858 
11.363 41.687 0.509 0.42 21.558 21.159 -43.127 17.379 
11.439 41.692 0.565 0.425 19.302 18.972 -170.581 2.804 
11.413 41.692 0.546 0.425 21.321 20.247 -150.666 3.696 
11.395 41.693 0.533 0.426 21.273 20.105 -160.589 3.962 
11.372 41.694 0.515 0.427 22.527 21.592 -90.853 11.701 
11.415 41.695 0.548 0.428 21.519 20.125 -158.956 2.938 
11.357 41.697 0.504 0.429 20.438 19.532 -116.125 2.079 
11.427 41.698 0.557 0.431 21.338 20.233 -142.244 4.401 
11.392 41.701 0.53 0.434 21.247 20.943 -100.586 -299800.0 
11.36 41.701 0.507 0.434 22.357 21.952 -59.692 17.9 
11.395 41.705 0.532 0.438 21.561 20.774 -103.335 15.351 
11.391 41.708 0.53 0.441 21.815 21.199 -116.613 11.099 
11.409 41.71 0.543 0.443 22.484 21.957 -136.942 15.8 
11.398 41.711 0.535 0.444 21.766 20.59 -79.745 8.219 
11.374 41.711 0.517 0.444 21.163 20.047 -117.369 2.613 
11.407 41.713 0.542 0.446 21.192 20.544 -144.34 9.11 
11.384 41.717 0.524 0.45 20.039 19.205 -121.547 1.446 
11.408 41.719 0.542 0.452 19.449 18.213 -135.44 0.614 
11.402 41.72 0.538 0.453 20.458 19.998 -172.111 11.086 
11.389 41.721 0.528 0.454 20.999 20.389 -193.558 8.651 
11.43 41.722 0.559 0.455 20.735 20.121 -114.775 7.837 
11.435 41.726 0.562 0.459 18.499 18.109 -120.259 1.523 
11.392 41.728 0.53 0.461 21.176 20.533 -110.339 5.291 
11.386 41.729 0.526 0.462 21.393 20.307 -128.978 6.202 
11.381 41.73 0.522 0.463 22.079 21.96 -37.828 22.95 
11.43 41.73 0.558 0.463 20.2 19.92 -118.742 7.428 
11.431 41.732 0.559 0.465 21.442 21.259 -220.321 -299800.0 
11.402 41.733 0.538 0.466 21.935 20.701 -104.974 6.415 
11.432 41.734 0.56 0.467 21.723 20.961 -104.159 8.755 
11.425 41.736 0.555 0.469 20.746 20.322 -134.879 4.821 
11.429 41.736 0.558 0.47 21.645 21.08 -152.229 12.93 
11.413 41.737 0.546 0.47 21.261 20.849 -49.431 5.58 
11.401 41.739 0.537 0.472 21.702 20.41 -116.178 4.277 
11.423 41.747 0.553 0.48 21.608 20.935 -337.519 45.232 
11.419 41.747 0.551 0.48 21.058 20.56 -141.653 5.646 
11.414 41.748 0.547 0.481 21.636 21.041 -276.247 31.749 
11.449 41.748 0.572 0.481 21.916 21.462 -163.05 10.472 
11.405 41.749 0.54 0.482 21.449 20.576 -108.063 5.528 
11.464 41.751 0.584 0.484 20.592 19.936 -115.833 -299800.0 
11.446 41.752 0.57 0.485 21.917 20.812 -139.025 9.269 
11.421 41.754 0.551 0.487 21.911 20.886 -149.318 8.585 
11.4 41.763 0.536 0.496 21.967 20.688 -57.618 6.333 
11.434 41.766 0.561 0.499 20.918 20.239 -9.984 6.368 
11.484 41.769 0.599 0.502 22.344 21.866 -192.467 5.763 
11.516 41.775 0.622 0.509 22.179 22.085 -253.766 7.376 
11.409 41.777 0.543 0.51 20.376 19.944 -79.843 4.261 
11.513 41.779 0.621 0.513 22.443 20.895 -185.344 7.369 
11.513 41.782 0.62 0.516 22.571 22.612 -192.392 14.556 
11.453 41.784 0.575 0.517 21.902 20.217 -129.29 3.582 
11.477 41.787 0.593 0.521 22.309 22.413 -112.401 11.875 
11.518 41.789 0.624 0.523 22.145 21.949 -112.845 2.34 
11.526 41.792 0.631 0.526 21.307 20.549 -125.94 4.229 
11.49 41.795 0.603 0.528 21.978 20.515 -154.651 10.0 
11.484 41.802 0.598 0.535 21.988 21.233 -119.093 12.646 
11.534 41.802 0.636 0.536 21.633 21.562 -155.607 15.156 
11.432 41.805 0.56 0.538 21.453 20.741 -103.117 6.517 
11.451 41.806 0.574 0.539 21.372 20.637 -150.965 8.489 
11.53 41.808 0.633 0.542 20.36 20.178 -176.687 7.783 
11.484 41.808 0.599 0.542 21.821 21.33 -195.681 10.956 
11.447 41.809 0.571 0.542 20.729 19.843 -56.026 2.627 
11.481 41.813 0.596 0.546 22.427 22.392 -173.952 -299800.0 
11.497 41.817 0.608 0.55 21.311 21.019 -141.352 7.861 
11.468 41.819 0.587 0.552 20.821 20.814 -99.404 14.353 
11.505 41.819 0.614 0.553 21.756 20.957 -130.056 16.042 
11.508 41.82 0.617 0.554 20.813 20.809 -223.476 10.62 
11.514 41.826 0.621 0.56 21.054 20.882 -133.161 24.325 
11.453 41.827 0.576 0.56 19.939 19.505 -48.088 1.638 
11.448 41.83 0.572 0.563 21.876 21.765 -131.969 14.004 
11.461 41.83 0.582 0.564 22.661 22.63 -187.449 15.087 
11.482 41.831 0.597 0.565 22.1 21.442 6.496 28.617 
11.469 41.833 0.587 0.566 19.251 18.902 -84.393 1.577 
11.516 41.836 0.623 0.569 20.077 20.066 -105.301 7.498 
11.471 41.838 0.589 0.571 21.635 21.41 -140.127 20.611 
11.481 41.839 0.596 0.572 21.407 20.297 -52.938 3.791 
11.477 41.843 0.593 0.577 21.633 20.377 -82.852 4.182 
11.496 41.845 0.607 0.579 22.673 22.614 8.269 -299800.0 
11.342 41.598 0.493 0.331 21.0 20.233 -138.145 15.035 
11.334 41.602 0.487 0.334 22.099 21.639 -100.174 13.817 
11.334 41.604 0.487 0.336 21.339 21.091 -212.414 8.677 
11.332 41.606 0.486 0.339 20.268 19.719 -118.939 4.169 
11.318 41.618 0.475 0.351 22.077 21.274 -34.295 15.326 
11.304 41.62 0.465 0.353 20.137 19.891 -118.983 16.98 
11.275 41.622 0.443 0.354 19.84 19.779 -159.968 -299800.0 
11.302 41.624 0.463 0.356 19.644 19.331 -126.542 5.618 
11.349 41.627 0.498 0.359 20.348 19.149 -145.146 1.23 
11.282 41.627 0.448 0.359 21.629 21.683 -101.353 9.614 
11.311 41.629 0.47 0.361 19.322 19.198 -149.121 3.236 
11.346 41.63 0.496 0.363 21.726 21.638 -23.484 11.963 
11.351 41.636 0.5 0.368 22.198 21.815 -135.549 15.857 
11.316 41.639 0.473 0.372 20.65 20.786 -108.006 6.303 
11.284 41.641 0.449 0.373 21.429 20.256 -218.361 4.443 
11.346 41.642 0.496 0.375 21.898 20.517 -186.71 5.544 
11.314 41.644 0.472 0.377 21.621 21.403 -103.199 5.131 
11.334 41.646 0.487 0.378 21.288 21.046 -58.608 8.471 
11.361 41.646 0.507 0.379 22.19 21.837 -44.503 42.982 
11.354 41.646 0.502 0.379 21.704 21.281 -111.798 24.356 
11.312 41.647 0.47 0.379 20.331 20.087 -117.978 -299800.0 
11.298 41.65 0.46 0.383 21.63 20.179 -157.635 5.081 
11.343 41.651 0.493 0.383 21.403 21.229 -80.888 6.741 
11.314 41.652 0.472 0.384 20.15 20.236 -157.611 14.897 
11.322 41.656 0.478 0.389 21.274 21.227 -35.185 8.023 
11.328 41.657 0.483 0.39 22.111 21.832 -54.388 6.862 
11.338 41.663 0.49 0.396 21.708 21.69 -66.504 11.217 
11.321 41.668 0.477 0.4 19.765 19.318 -95.315 1.918 
11.361 41.669 0.507 0.402 21.72 20.513 -96.552 3.607 
11.294 41.67 0.456 0.402 20.015 19.495 -134.673 3.023 
11.298 41.67 0.46 0.402 21.164 21.201 -122.699 12.652 
11.342 41.671 0.493 0.403 21.11 21.046 -0.912 18.004 
11.356 41.672 0.503 0.405 21.653 20.511 -124.394 3.525 
11.334 41.673 0.487 0.406 20.542 20.256 -67.29 4.362 
11.319 41.674 0.475 0.407 20.606 20.196 -104.196 7.138 
11.344 41.679 0.494 0.411 19.799 19.377 -108.744 1.983 
11.305 41.684 0.465 0.416 21.231 21.238 -61.567 12.229 
11.308 41.684 0.467 0.417 19.494 18.917 -137.83 1.367 
11.349 41.685 0.498 0.418 21.731 20.864 -132.365 15.063 
11.365 41.687 0.51 0.419 20.848 20.891 -25.928 10.319 
11.328 41.687 0.482 0.419 21.955 21.723 16.218 16.023 
11.353 41.687 0.501 0.419 21.619 21.036 -86.296 9.421 
11.311 41.689 0.469 0.421 22.067 21.528 -174.318 14.149 
11.323 41.692 0.478 0.424 21.362 20.371 -113.343 3.545 
11.372 41.694 0.515 0.427 22.527 21.592 -117.257 59.921 
11.328 41.695 0.483 0.427 20.547 20.107 -120.077 4.665 
11.373 41.695 0.516 0.428 19.272 18.698 -109.698 1.043 
11.333 41.696 0.486 0.429 20.958 20.46 -128.582 9.147 
11.38 41.698 0.521 0.431 21.285 20.179 -87.715 2.592 
11.332 41.699 0.486 0.431 21.751 20.536 -46.579 4.751 
11.333 41.7 0.486 0.432 21.59 20.911 -128.26 10.714 
11.352 41.7 0.5 0.433 19.827 18.807 -70.931 1.259 
11.305 41.701 0.465 0.433 21.387 20.235 -171.424 3.231 
11.376 41.701 0.518 0.434 21.846 21.503 -106.319 20.753 
11.316 41.701 0.474 0.433 21.013 20.278 -112.737 4.116 
11.332 41.701 0.485 0.434 21.47 21.398 -88.393 19.826 
11.36 41.701 0.506 0.434 21.474 20.303 -70.871 3.346 
11.332 41.706 0.485 0.438 21.969 20.36 -107.192 4.866 
11.359 41.706 0.505 0.439 21.954 21.749 -91.171 12.906 
11.362 41.708 0.508 0.441 21.91 21.301 -39.313 12.234 
11.344 41.714 0.494 0.447 19.762 19.266 -108.581 0.042 
11.322 41.717 0.478 0.449 20.5 19.901 -91.201 3.238 
11.343 41.717 0.493 0.45 22.49 22.318 -112.691 12.835 
11.367 41.719 0.512 0.451 20.481 20.068 -88.63 3.038 
11.352 41.719 0.5 0.452 21.909 20.775 -96.555 14.077 
11.374 41.721 0.517 0.454 22.037 20.497 -107.033 4.793 
11.346 41.722 0.495 0.455 21.156 20.761 -283.218 4.164 
11.357 41.722 0.504 0.455 19.786 19.058 -82.825 4.347 
11.38 41.722 0.521 0.455 21.878 20.578 -76.359 5.865 
11.356 41.724 0.503 0.456 21.152 21.123 -117.242 9.266 
11.354 41.726 0.501 0.459 21.146 20.724 -109.899 14.897 
11.369 41.728 0.513 0.461 20.918 19.291 -108.053 1.924 
11.36 41.732 0.506 0.465 22.961 22.355 -122.675 11.373 
11.368 41.74 0.512 0.473 21.013 20.444 -198.722 18.39 
11.37 41.744 0.514 0.477 22.108 20.855 -122.758 -299800.0 
11.363 41.745 0.508 0.477 22.425 22.554 -190.736 18.54 
11.378 41.748 0.519 0.48 20.831 19.148 -109.156 1.851 
11.345 41.75 0.495 0.483 21.689 21.097 -47.053 15.148 
11.36 41.752 0.506 0.485 22.123 21.816 -229.745 16.867 
11.367 41.753 0.511 0.486 21.417 19.904 -61.359 3.477 
11.334 41.754 0.487 0.486 20.978 21.103 -189.548 11.332 
11.38 41.754 0.521 0.487 19.935 19.548 -88.194 6.284 
11.356 41.761 0.503 0.494 20.594 20.089 -131.303 3.893 
11.388 41.762 0.527 0.495 21.336 21.045 -7.032 9.178 
11.401 41.773 0.537 0.506 21.856 20.461 -104.786 4.79 
11.371 41.775 0.514 0.508 21.147 19.681 -101.58 3.282 
11.36 41.776 0.506 0.508 19.811 19.225 -73.725 1.39 
11.352 41.785 0.5 0.517 21.871 20.816 -77.641 5.485 
11.405 41.785 0.54 0.518 21.499 20.662 -96.099 10.395 
11.318 41.787 0.474 0.519 22.221 20.892 -84.461 5.283 
11.375 41.789 0.517 0.522 21.945 21.343 -112.907 12.585 
11.406 41.792 0.54 0.525 22.521 22.163 -38.787 10.635 
11.411 41.804 0.544 0.537 19.988 18.949 -64.949 1.173 
11.342 41.806 0.492 0.538 21.949 20.252 -84.183 4.283 
11.417 41.807 0.549 0.54 22.727 22.213 -108.03 20.474 
11.412 41.824 0.545 0.557 22.125 21.916 -125.061 16.576 
11.408 41.833 0.542 0.566 21.809 21.624 -86.106 13.664 
11.332 41.839 0.485 0.571 19.886 19.836 -28.127 4.561 
11.388 41.844 0.526 0.577 21.382 21.187 -58.772 10.403 
11.363 41.847 0.508 0.58 21.534 20.15 -73.451 2.999 
11.342 41.848 0.492 0.58 20.555 20.519 -29.106 9.572 
11.398 41.849 0.534 0.582 21.313 20.312 -40.041 5.343 
11.353 41.85 0.5 0.583 21.982 21.408 8.217 7.364 
11.415 41.862 0.547 0.595 20.536 19.52 -63.747 3.236 
11.124 41.37 0.33 0.102 21.872 21.851 -223.352 15.542 
10.922 41.377 0.178 0.108 22.029 20.501 -210.485 5.405 
10.913 41.382 0.171 0.113 20.86 20.527 -180.628 10.12 
10.994 41.383 0.232 0.114 21.65 20.234 -114.84 7.99 
11.168 41.383 0.363 0.115 21.127 20.05 -214.24 7.288 
10.944 41.384 0.195 0.115 20.564 20.65 -159.441 8.84 
11.111 41.384 0.32 0.115 19.512 19.205 -241.547 4.675 
10.914 41.385 0.172 0.116 20.927 20.79 -140.99 18.866 
11.095 41.386 0.308 0.117 21.36 19.976 -241.034 2.405 
10.889 41.387 0.154 0.118 21.086 20.796 -100.831 6.637 
10.942 41.389 0.194 0.12 21.403 21.213 -138.642 7.72 
11.116 41.39 0.324 0.122 20.108 20.191 -244.028 -299800.0 
11.135 41.391 0.338 0.122 21.22 20.323 -347.897 8.487 
11.188 41.392 0.378 0.124 21.828 21.506 -294.127 32.373 
10.933 41.392 0.187 0.123 21.17 20.78 -140.163 13.412 
10.929 41.394 0.184 0.124 21.853 21.935 -76.03 8.939 
10.962 41.394 0.209 0.125 21.65 20.841 -160.417 5.515 
11.195 41.395 0.383 0.127 21.928 21.665 -326.146 6.203 
11.009 41.395 0.243 0.126 20.866 19.747 31.607 3.816 
10.99 41.395 0.229 0.126 21.093 20.515 -295.107 4.216 
11.072 41.396 0.291 0.127 20.865 20.091 -53.34 8.937 
11.097 41.397 0.309 0.128 22.087 21.317 -309.719 8.561 
10.866 41.397 0.137 0.128 20.737 20.252 -215.238 4.914 
11.104 41.398 0.315 0.129 21.026 21.056 -274.244 14.06 
10.987 41.398 0.227 0.129 21.668 20.955 -193.699 7.739 
10.894 41.4 0.157 0.131 17.938 17.658 -84.174 1.085 
10.863 41.401 0.134 0.132 21.538 20.648 23.515 15.129 
10.901 41.401 0.163 0.132 21.221 21.032 -90.229 24.059 
10.902 41.401 0.163 0.132 22.732 21.92 -67.177 36.31 
10.97 41.401 0.214 0.132 22.104 21.427 -215.791 11.238 
10.926 41.402 0.182 0.133 20.966 20.438 -77.497 5.812 
11.143 41.402 0.344 0.133 20.622 20.687 -227.874 9.689 
11.132 41.403 0.336 0.135 20.642 19.148 -217.879 1.724 
10.905 41.403 0.166 0.134 20.162 20.122 -238.937 9.763 
11.1 41.404 0.312 0.135 20.092 19.735 -298.642 5.927 
10.929 41.404 0.184 0.135 21.57 21.445 -260.783 12.856 
11.061 41.407 0.283 0.138 21.249 19.782 -54.058 2.669 
11.147 41.408 0.347 0.139 20.585 20.323 -174.361 9.86 
11.201 41.408 0.388 0.14 20.781 19.97 -211.386 3.203 
11.183 41.409 0.374 0.141 22.083 21.447 -204.227 35.954 
10.978 41.409 0.22 0.14 21.106 21.299 -175.321 -299800.0 
10.958 41.41 0.205 0.141 20.674 20.913 -260.29 28.193 
11.144 41.41 0.345 0.142 21.659 20.743 -214.978 -299800.0 
10.962 41.411 0.208 0.142 20.671 20.659 -194.651 6.487 
11.124 41.412 0.33 0.143 20.762 20.798 -250.057 -299800.0 
11.106 41.412 0.317 0.144 20.358 19.774 -210.346 8.657 
10.872 41.412 0.141 0.143 21.409 19.988 -27.302 4.215 
10.934 41.413 0.187 0.144 20.634 20.457 -101.349 10.413 
10.972 41.413 0.216 0.144 18.839 18.894 -152.156 3.288 
11.214 41.413 0.397 0.145 21.855 21.544 -267.098 36.838 
11.196 41.414 0.384 0.146 21.227 20.992 -190.319 16.392 
10.994 41.418 0.232 0.149 20.568 20.135 -144.054 3.667 
11.157 41.418 0.355 0.15 20.877 20.9 -193.656 6.466 
10.902 41.418 0.163 0.149 20.911 20.024 -82.74 7.169 
10.888 41.419 0.152 0.15 19.085 18.745 -86.015 1.526 
10.983 41.419 0.224 0.15 20.238 19.145 -159.032 1.259 
10.937 41.42 0.19 0.151 20.061 18.921 -77.992 1.109 
10.941 41.422 0.193 0.153 21.848 20.531 -224.52 3.839 
11.144 41.425 0.345 0.156 19.746 19.285 -186.477 0.569 
11.17 41.425 0.365 0.157 21.266 19.716 -220.222 3.063 
11.078 41.426 0.296 0.157 20.207 20.381 -166.292 -299800.0 
10.915 41.427 0.173 0.158 20.422 19.489 -119.617 5.044 
11.166 41.43 0.361 0.162 19.615 19.284 -188.166 4.648 
11.074 41.431 0.293 0.162 20.944 20.166 -214.234 7.492 
10.92 41.431 0.177 0.162 21.638 21.204 -352.973 12.893 
11.164 41.433 0.36 0.165 20.667 20.87 -231.392 -299800.0 
10.99 41.435 0.229 0.166 20.779 20.915 -316.709 7.455 
11.216 41.436 0.399 0.168 21.776 21.243 -238.29 9.269 
11.15 41.437 0.349 0.169 21.978 21.468 -243.728 4.334 
11.056 41.437 0.279 0.169 21.024 20.752 -56.656 14.269 
11.011 41.437 0.245 0.169 22.445 21.46 -56.933 12.257 
11.181 41.438 0.372 0.17 20.212 20.264 -160.48 4.356 
11.086 41.44 0.301 0.171 21.377 20.959 -265.121 11.178 
11.093 41.442 0.306 0.174 22.549 22.411 -99.147 19.514 
11.208 41.442 0.393 0.174 21.336 20.34 -177.786 4.976 
11.222 41.443 0.403 0.175 20.087 19.616 -211.269 3.528 
11.151 41.444 0.35 0.176 20.251 19.514 -203.967 2.265 
11.219 41.444 0.401 0.176 22.384 22.051 -302.922 16.875 
11.223 41.446 0.404 0.178 20.259 19.425 -221.472 6.259 
11.159 41.446 0.356 0.177 20.206 19.868 -187.577 5.115 
11.208 41.446 0.393 0.178 20.263 19.032 -204.536 1.562 
11.171 41.447 0.365 0.179 20.989 19.982 -197.33 5.904 
11.2 41.449 0.387 0.181 21.111 20.296 -171.391 6.27 
11.198 41.452 0.385 0.184 20.288 20.406 -126.486 25.343 
11.216 41.452 0.399 0.184 22.678 21.176 -184.841 10.224 
11.091 41.57 0.305 0.301 22.279 22.073 -86.396 23.436 
11.103 41.591 0.314 0.323 20.226 20.112 -101.812 10.552 
11.114 41.592 0.322 0.324 22.184 21.973 49.696 7.979 
11.189 41.592 0.378 0.324 15.6 15.206 -77.67 0.718 
11.09 41.593 0.304 0.325 20.812 20.385 -61.372 6.523 
11.104 41.594 0.315 0.326 20.948 20.984 -182.951 12.734 
11.126 41.596 0.331 0.328 21.749 21.773 -56.519 16.426 
11.106 41.597 0.316 0.329 21.724 21.338 -128.466 18.733 
11.118 41.598 0.325 0.33 21.333 21.296 -109.896 14.496 
11.18 41.601 0.371 0.333 21.706 21.478 -91.313 12.692 
11.182 41.604 0.373 0.336 22.312 21.249 -123.543 19.094 
11.049 41.605 0.273 0.336 22.41 21.398 -58.651 12.863 
11.129 41.605 0.333 0.336 21.108 20.617 -69.757 -299800.0 
11.189 41.607 0.378 0.339 20.153 19.544 -106.421 2.266 
10.98 41.607 0.222 0.338 20.447 19.421 -133.334 -299800.0 
11.119 41.609 0.326 0.34 21.701 20.283 -24.55 4.827 
11.134 41.61 0.337 0.342 20.388 20.174 -38.625 5.802 
10.992 41.61 0.23 0.342 21.888 21.779 -129.38 12.68 
11.129 41.613 0.333 0.345 21.389 19.722 -75.402 1.956 
11.093 41.614 0.306 0.345 21.412 21.28 -111.869 -299800.0 
11.164 41.614 0.359 0.346 22.605 21.807 -73.984 18.535 
11.117 41.615 0.324 0.346 20.926 20.541 -37.988 6.427 
11.141 41.615 0.342 0.347 19.934 18.742 -38.962 1.45 
11.114 41.616 0.322 0.348 21.451 21.375 -138.522 14.578 
11.172 41.617 0.365 0.349 21.594 20.07 -65.345 -299800.0 
11.146 41.618 0.346 0.349 21.248 21.089 -92.658 23.196 
11.11 41.618 0.319 0.35 20.998 20.88 -106.418 11.856 
10.977 41.62 0.219 0.351 21.249 21.407 -130.243 23.719 
11.276 41.62 0.443 0.353 22.562 22.062 1.573 -299800.0 
11.307 41.62 0.467 0.353 20.743 20.216 -112.08 9.176 
11.204 41.621 0.39 0.353 22.019 22.06 -44.39 9.224 
11.155 41.621 0.353 0.353 20.941 20.95 -37.995 -299800.0 
11.27 41.624 0.439 0.356 18.93 19.035 -127.853 6.412 
11.271 41.624 0.439 0.356 18.427 18.336 -61.668 5.224 
11.075 41.624 0.292 0.356 20.714 20.303 -44.721 5.57 
10.984 41.624 0.224 0.356 21.102 20.694 -172.43 9.849 
11.332 41.625 0.486 0.357 21.982 21.415 -146.612 22.064 
11.169 41.625 0.363 0.357 22.71 22.689 -58.483 7.95 
11.273 41.626 0.442 0.358 17.781 17.641 -123.831 2.478 
11.138 41.626 0.34 0.358 21.12 19.548 -61.8 2.033 
11.31 41.626 0.469 0.359 19.721 19.516 -65.779 15.484 
11.286 41.626 0.451 0.359 21.591 20.739 -121.468 19.345 
11.267 41.628 0.437 0.36 20.704 20.82 -146.465 21.112 
11.336 41.628 0.489 0.36 21.528 21.189 -107.066 11.213 
11.001 41.628 0.237 0.359 20.353 20.495 -249.137 13.22 
11.256 41.63 0.429 0.362 20.433 19.761 -158.593 2.521 
11.002 41.631 0.238 0.362 21.163 20.842 -61.722 12.751 
11.282 41.631 0.448 0.364 21.308 21.257 -58.819 7.925 
11.181 41.631 0.372 0.363 21.947 21.484 -99.65 11.741 
11.231 41.632 0.41 0.364 23.468 21.755 -138.463 9.436 
10.999 41.632 0.236 0.363 21.078 20.912 13.526 26.748 
11.007 41.632 0.242 0.363 22.549 20.943 -104.463 9.888 
11.313 41.632 0.471 0.365 21.671 21.547 -123.21 11.727 
11.163 41.633 0.359 0.364 21.955 22.028 95.231 35.646 
10.979 41.633 0.221 0.364 20.01 19.615 -127.221 4.463 
11.101 41.634 0.312 0.366 22.697 22.477 -46.069 27.683 
11.275 41.635 0.443 0.367 22.569 22.395 -143.255 15.978 
11.302 41.635 0.463 0.367 21.951 20.953 -59.83 17.476 
11.318 41.636 0.475 0.368 21.318 21.365 -230.351 22.792 
11.245 41.636 0.42 0.368 22.012 21.545 -193.228 15.282 
11.297 41.636 0.459 0.369 21.457 20.803 -63.388 9.647 
11.028 41.636 0.258 0.368 21.492 21.318 -122.593 12.518 
11.326 41.636 0.481 0.369 21.857 20.569 -102.691 15.029 
11.024 41.637 0.254 0.368 21.1 19.713 -113.356 2.297 
11.32 41.638 0.476 0.37 21.476 20.639 -121.26 12.819 
11.317 41.638 0.474 0.371 21.44 21.452 -76.819 30.643 
11.15 41.638 0.349 0.37 20.388 19.239 -87.312 1.364 
11.307 41.639 0.466 0.371 20.061 19.773 -98.033 8.309 
11.11 41.639 0.319 0.37 21.869 20.216 -81.59 8.115 
11.321 41.64 0.477 0.373 20.217 19.726 -79.998 3.51 
11.31 41.642 0.469 0.375 21.257 21.358 -117.242 14.61 
11.194 41.643 0.382 0.375 19.148 18.801 -121.838 2.216 
11.188 41.645 0.378 0.377 22.425 22.321 -84.153 6.222 
11.298 41.648 0.46 0.38 22.066 21.937 -52.344 25.896 
11.282 41.649 0.448 0.381 20.57 20.739 -176.399 7.431 
11.321 41.65 0.477 0.382 17.757 16.802 -55.534 0.845 
11.328 41.65 0.482 0.383 20.497 19.715 -70.435 5.409 
11.275 41.653 0.443 0.385 22.576 21.705 -174.114 19.426 
11.29 41.654 0.454 0.386 22.329 21.128 -83.76 8.492 
11.326 41.656 0.481 0.388 20.889 20.484 -123.579 4.229 
11.336 41.657 0.488 0.389 22.661 22.336 -215.253 8.906 
11.595 41.916 0.681 0.65 22.345 22.002 -47.224 27.917 
11.588 41.921 0.676 0.655 22.553 21.194 -5.146 7.988 
11.611 41.922 0.693 0.657 22.324 22.177 -96.04 6.831 
11.499 41.954 0.609 0.688 22.613 22.645 -88.595 15.512 
11.575 41.958 0.666 0.692 22.559 22.582 -15.638 46.57 
11.578 41.965 0.669 0.699 19.844 20.046 -91.009 5.202 
11.489 41.968 0.602 0.702 22.61 21.531 -60.841 12.044 
11.492 41.976 0.604 0.709 21.438 21.299 -82.121 10.501 
11.52 41.99 0.625 0.724 21.257 21.428 -68.083 21.039 
11.578 41.99 0.668 0.724 22.193 21.961 -71.19 14.235 
11.566 41.995 0.659 0.729 20.879 20.28 -49.072 3.231 
11.518 42.003 0.623 0.736 22.784 21.343 -1.233 11.238 
11.518 42.003 0.623 0.737 20.354 19.636 38.545 2.016 
11.567 42.005 0.66 0.739 20.49 19.878 -26.52 3.614 
11.566 42.006 0.659 0.74 22.401 22.243 -93.083 28.291 
11.516 42.013 0.621 0.747 22.728 22.805 -150.586 26.468 
11.555 42.014 0.651 0.749 22.634 22.62 -34.296 21.49 
11.543 42.018 0.642 0.751 22.931 22.683 -58.817 15.514 
11.559 42.024 0.654 0.758 21.1 20.956 -30.114 -299800.0 
11.547 42.024 0.645 0.758 22.078 22.157 -58.975 32.097 
11.561 42.027 0.655 0.761 22.844 22.609 -59.31 32.809 
11.547 42.028 0.645 0.762 17.918 17.221 -86.977 -599600.0 
11.487 42.029 0.6 0.762 22.474 22.452 -63.147 -299800.0 
11.509 42.05 0.617 0.784 22.281 21.219 4.058 10.596 
11.515 42.061 0.621 0.795 22.453 20.956 -108.554 5.537 
11.44 42.081 0.565 0.814 22.641 21.694 -53.862 17.33 
11.461 42.09 0.58 0.823 22.238 21.02 -21.487 6.78 
11.512 42.093 0.618 0.827 20.684 19.763 -18.11 2.576 
11.439 42.097 0.564 0.83 20.905 19.74 -139.009 3.541 
11.472 42.145 0.588 0.878 22.937 21.531 -104.149 14.513 
11.435 42.15 0.561 0.883 21.259 19.594 -51.607 4.473 
11.472 42.162 0.588 0.896 21.919 21.905 -114.834 14.782 
11.466 42.166 0.584 0.9 21.977 21.356 -60.78 16.183 
11.463 42.17 0.582 0.903 22.558 22.276 4.33 14.36 
11.47 42.171 0.586 0.904 20.699 20.591 -76.968 9.535 
11.158 41.42 0.356 0.152 20.631 19.674 -229.387 9.571 
11.153 41.422 0.352 0.154 20.852 20.824 -195.568 6.996 
11.168 41.429 0.363 0.161 21.532 20.195 -231.595 3.679 
11.185 41.43 0.375 0.162 21.149 21.021 -200.805 19.002 
11.18 41.435 0.372 0.166 20.741 19.916 -197.996 7.205 
11.181 41.436 0.373 0.168 19.981 20.013 -221.119 7.234 
11.206 41.438 0.392 0.17 21.552 21.642 -152.376 27.339 
11.182 41.44 0.374 0.172 19.13 19.241 -135.434 11.512 
11.188 41.443 0.378 0.175 21.311 20.784 -195.419 9.227 
11.202 41.443 0.388 0.175 21.579 20.637 -143.825 5.875 
11.159 41.444 0.356 0.176 20.265 19.899 -238.656 8.853 
11.199 41.447 0.386 0.179 20.502 20.017 -195.129 6.058 
11.158 41.447 0.356 0.179 21.23 20.737 -176.613 10.198 
11.136 41.448 0.339 0.18 21.779 20.93 -140.346 11.622 
11.192 41.45 0.381 0.181 22.248 21.215 -154.831 11.614 
11.144 41.452 0.345 0.183 20.471 20.114 -256.512 19.189 
11.158 41.452 0.356 0.184 20.412 19.347 -196.966 2.32 
11.183 41.453 0.374 0.185 20.288 19.618 -209.519 3.404 
11.191 41.454 0.38 0.186 22.016 21.355 -183.677 21.007 
11.185 41.456 0.376 0.188 20.476 19.837 -158.036 3.693 
11.172 41.461 0.365 0.193 21.916 21.734 -174.712 -299800.0 
11.187 41.461 0.377 0.193 22.561 22.433 -159.014 14.407 
11.14 41.464 0.342 0.195 22.407 21.186 -261.248 17.238 
11.176 41.469 0.369 0.201 19.688 19.128 -181.769 2.1 
11.197 41.47 0.384 0.202 20.491 20.168 -156.458 14.825 
11.199 41.474 0.386 0.206 21.184 21.01 -45.444 19.154 
11.161 41.475 0.358 0.207 19.676 18.529 -200.287 1.368 
11.192 41.476 0.381 0.208 21.009 20.792 -163.947 14.872 
11.16 41.477 0.357 0.209 18.969 18.102 -180.38 0.533 
11.124 41.48 0.33 0.212 21.007 20.349 -165.221 5.147 
11.203 41.488 0.389 0.219 20.316 19.022 -197.09 1.391 
11.171 41.489 0.365 0.221 21.18 21.276 -185.252 13.203 
11.206 41.493 0.392 0.224 20.066 19.751 -165.048 4.757 
11.205 41.494 0.39 0.226 20.383 20.34 -133.044 8.03 
11.167 41.495 0.362 0.227 22.134 22.218 -75.638 -299800.0 
11.157 41.496 0.355 0.228 20.511 20.434 -160.759 16.484 
11.171 41.497 0.365 0.229 21.571 21.124 -204.848 -299800.0 
11.205 41.501 0.39 0.233 21.671 21.611 -180.052 12.533 
11.161 41.504 0.358 0.235 20.829 20.316 -176.267 16.219 
11.179 41.505 0.371 0.237 22.932 22.926 -161.483 11.266 
11.195 41.508 0.383 0.24 20.717 20.484 -155.401 -299800.0 
11.153 41.508 0.352 0.24 21.371 21.009 -192.835 11.364 
11.183 41.512 0.374 0.244 20.136 19.388 -225.454 2.382 
11.164 41.517 0.359 0.249 20.006 19.186 -168.617 1.656 
11.162 41.521 0.358 0.252 21.051 20.582 -189.554 15.186 
11.124 41.523 0.33 0.255 22.45 20.961 -27.069 32.865 
11.191 41.524 0.38 0.255 21.532 21.257 -169.608 25.183 
11.158 41.527 0.355 0.258 21.99 21.747 -193.194 21.843 
11.144 41.53 0.345 0.262 22.11 21.814 -166.461 23.6 
11.14 41.533 0.342 0.265 20.865 20.493 -186.494 5.896 
11.128 41.534 0.333 0.265 21.145 20.459 -287.621 15.111 
11.127 41.549 0.332 0.28 22.781 22.721 -2.012 12.008 
11.152 41.551 0.351 0.283 22.234 21.836 6.788 7.949 
11.169 41.557 0.363 0.289 22.95 22.891 -166.039 -299800.0 
11.105 41.564 0.315 0.295 21.202 19.899 -96.227 3.748 
11.154 41.569 0.352 0.3 22.519 22.526 -150.782 44.831 
11.074 41.569 0.292 0.3 19.44 19.455 -152.061 13.153 
11.118 41.569 0.325 0.301 22.17 20.757 -116.84 11.407 
11.112 41.571 0.32 0.302 19.443 18.689 -33.502 1.093 
11.173 41.572 0.367 0.303 21.471 20.998 -175.757 13.005 
11.097 41.583 0.31 0.315 21.451 21.09 -153.696 13.464 
11.097 41.585 0.309 0.317 22.411 22.094 -37.58 5.808 
11.097 41.585 0.309 0.317 22.411 22.094 -40.385 5.574 
11.134 41.604 0.337 0.335 19.347 19.121 -43.534 2.955 
11.065 41.604 0.285 0.335 20.655 19.769 -69.201 2.912 
11.127 41.605 0.332 0.337 22.468 21.065 -99.932 11.855 
11.152 41.611 0.351 0.342 21.087 21.039 -208.373 19.569 
11.08 41.612 0.296 0.344 22.468 22.346 -112.815 8.737 
11.106 41.619 0.316 0.35 20.867 20.435 -67.493 9.828 
11.122 41.621 0.328 0.352 21.601 21.691 46.722 16.072 
11.137 41.622 0.34 0.354 20.918 20.677 -6.738 14.372 
11.066 41.644 0.286 0.376 21.796 21.598 22.581 16.504 
11.121 41.645 0.327 0.377 21.351 20.526 -469.293 18.256 
11.109 41.647 0.318 0.378 22.742 22.473 -85.175 14.43 
11.116 41.655 0.324 0.386 22.165 21.589 -26.185 13.226 
11.102 41.656 0.313 0.388 22.504 22.427 7.002 22.862 
11.097 41.674 0.309 0.405 21.53 21.32 -101.027 14.512 
11.386 41.805 0.525 0.538 20.835 20.096 -71.305 8.0 
11.4 41.806 0.536 0.539 21.813 21.1 -128.393 10.358 
11.401 41.814 0.536 0.547 18.402 16.709 -59.309 -299800.0 
11.361 41.817 0.507 0.55 20.624 19.679 -91.827 8.458 
11.394 41.819 0.532 0.552 20.963 20.285 -32.078 8.432 
11.401 41.821 0.536 0.554 19.633 18.83 -89.507 1.898 
11.348 41.823 0.497 0.556 22.114 21.215 -46.124 -299800.0 
11.354 41.825 0.501 0.558 18.833 18.942 -88.04 7.274 
11.356 41.829 0.503 0.561 21.844 21.439 -20.799 13.273 
11.385 41.831 0.524 0.564 19.861 19.768 -80.905 14.629 
11.314 41.833 0.471 0.566 20.645 20.535 -86.362 -299800.0 
11.308 41.834 0.467 0.566 21.622 20.929 -80.663 16.918 
11.456 41.835 0.578 0.568 21.199 21.176 -51.157 15.698 
11.205 41.835 0.39 0.567 21.643 20.235 -100.35 6.132 
11.303 41.837 0.463 0.569 21.624 20.56 -76.424 11.074 
11.455 41.837 0.577 0.57 21.739 21.777 -142.488 8.831 
11.409 41.838 0.543 0.571 22.965 22.224 1.297 18.307 
11.426 41.839 0.555 0.572 21.42 21.027 -75.47 20.208 
11.355 41.844 0.502 0.577 21.694 21.434 -112.901 -299800.0 
11.385 41.844 0.524 0.577 22.688 21.097 -74.643 19.635 
11.346 41.845 0.495 0.577 20.176 19.94 -45.012 9.763 
11.236 41.847 0.413 0.579 22.35 21.49 -68.626 6.986 
11.345 41.848 0.495 0.58 20.247 20.208 -180.444 18.464 
11.166 41.849 0.36 0.581 21.062 19.906 -88.426 4.544 
11.349 41.849 0.497 0.582 19.915 19.462 -53.445 2.554 
11.45 41.851 0.573 0.584 21.643 20.459 -59.538 6.155 
11.281 41.851 0.446 0.583 21.787 21.75 -90.964 27.428 
11.245 41.853 0.42 0.585 21.649 20.524 -87.665 6.827 
11.359 41.854 0.505 0.587 20.75 19.955 -70.703 3.988 
11.444 41.856 0.568 0.59 19.929 19.479 -62.417 5.56 
11.272 41.858 0.44 0.59 21.534 21.273 -112.922 -299800.0 
11.245 41.858 0.419 0.59 19.408 18.871 -55.732 5.815 
11.436 41.858 0.563 0.592 20.825 19.959 -79.056 4.293 
11.188 41.859 0.377 0.591 20.644 20.719 -110.575 -299800.0 
11.227 41.859 0.406 0.591 21.445 20.145 -189.902 12.703 
11.438 41.86 0.564 0.593 19.947 19.126 -87.74 2.268 
11.425 41.86 0.554 0.593 21.305 21.189 -21.735 13.902 
11.455 41.865 0.577 0.598 21.322 20.521 -347.037 6.965 
11.276 41.865 0.442 0.598 20.187 20.249 -84.186 11.923 
11.25 41.866 0.423 0.598 21.956 20.393 -80.157 10.565 
11.153 41.866 0.351 0.598 20.647 19.722 -4.728 15.248 
11.434 41.869 0.561 0.602 20.849 20.352 -58.345 2.11 
11.22 41.872 0.401 0.603 19.409 18.899 -23.235 12.128 
11.134 41.872 0.337 0.603 22.096 21.307 -112.976 -299800.0 
11.268 41.872 0.437 0.604 18.38 17.741 10.419 3.176 
11.453 41.872 0.576 0.605 18.716 18.447 -18.936 3.009 
11.21 41.872 0.393 0.604 21.451 21.389 49.013 23.435 
11.391 41.873 0.528 0.606 20.224 19.13 -90.382 3.251 
11.211 41.874 0.394 0.606 19.523 18.117 -78.508 1.056 
11.15 41.874 0.349 0.606 19.701 19.113 -124.954 4.489 
11.409 41.875 0.543 0.608 21.031 20.938 -70.505 10.047 
11.358 41.875 0.504 0.608 21.37 19.697 -58.103 2.618 
11.124 41.875 0.329 0.607 21.392 20.908 -134.202 -299800.0 
11.422 41.876 0.552 0.609 21.807 20.854 -125.52 22.744 
11.314 41.877 0.471 0.609 20.755 19.785 -39.677 3.047 
11.174 41.877 0.366 0.608 21.612 21.288 -109.774 14.583 
11.141 41.878 0.342 0.61 20.365 19.924 -139.217 10.251 
11.218 41.879 0.399 0.611 21.463 20.97 -157.917 13.434 
11.224 41.88 0.404 0.612 21.298 21.137 -95.444 13.285 
11.143 41.881 0.343 0.613 19.845 18.843 -154.977 2.062 
11.305 41.882 0.464 0.615 21.815 21.665 -41.02 25.224 
11.159 41.883 0.355 0.615 19.688 19.216 -115.73 3.037 
11.159 41.883 0.355 0.615 19.688 19.216 -129.346 2.475 
11.164 41.885 0.359 0.617 21.357 20.72 -215.049 28.075 
11.234 41.885 0.411 0.617 20.302 19.818 -60.595 17.408 
11.221 41.887 0.401 0.619 21.966 20.686 -42.121 9.616 
11.124 41.888 0.329 0.619 23.09 22.964 22.478 24.023 
11.152 41.888 0.35 0.62 22.282 22.073 -126.971 8.684 
11.237 41.89 0.413 0.622 22.417 22.151 33.578 13.652 
11.332 41.891 0.485 0.624 21.681 21.51 -176.853 17.756 
11.258 41.892 0.429 0.625 21.39 20.75 -18.484 13.146 
11.113 41.893 0.321 0.625 21.091 20.545 -181.129 13.259 
11.113 41.893 0.321 0.625 21.091 20.545 -174.482 10.568 
11.278 41.894 0.444 0.626 21.649 20.498 -22.122 12.271 
11.148 41.894 0.347 0.625 19.082 18.72 -59.426 -299800.0 
11.261 41.894 0.432 0.626 21.804 20.251 -105.668 12.376 
11.189 41.895 0.377 0.627 21.758 21.096 10.53 13.302 
11.265 41.896 0.434 0.628 21.31 21.228 -63.816 25.391 
11.24 41.896 0.415 0.628 20.752 20.183 -46.474 -299800.0 
11.245 41.896 0.419 0.628 21.581 21.461 -64.627 35.264 
11.27 41.9 0.438 0.632 21.094 20.49 -63.385 8.153 
11.151 41.9 0.349 0.632 22.442 21.531 -111.818 12.818 
11.205 41.902 0.39 0.634 21.443 20.434 -453.141 17.175 
11.116 41.912 0.323 0.644 22.268 22.307 -256.197 15.733 
11.112 41.912 0.32 0.644 20.62 19.558 -136.347 6.389 
11.112 41.912 0.32 0.644 20.62 19.558 -136.347 6.567 
11.106 41.913 0.315 0.644 22.706 22.514 -152.968 25.52 
11.106 41.913 0.315 0.644 22.706 22.514 -74.45 40.07 
11.124 41.916 0.329 0.647 21.058 21.231 -36.003 25.391 
11.132 41.916 0.335 0.647 22.253 21.176 -95.061 35.063 
11.132 41.916 0.334 0.647 22.253 21.176 -18.361 15.866 
11.121 41.92 0.326 0.651 21.83 21.691 -106.072 26.461 
11.121 41.92 0.326 0.651 21.83 21.691 -169.848 20.628 
11.141 41.882 0.341 0.614 23.697 22.123 -160.981 70.108 
11.188 41.865 0.376 0.597 20.602 20.518 -56.877 24.843 
11.188 41.865 0.376 0.597 20.602 20.518 -116.221 -299800.0 
11.516 41.862 0.623 0.595 21.872 21.133 -131.408 8.027 
11.53 41.87 0.633 0.603 20.431 20.498 -144.501 10.972 
11.449 41.871 0.572 0.605 20.363 19.373 -56.29 1.842 
11.438 41.874 0.564 0.608 21.306 20.911 -96.607 6.91 
11.534 41.876 0.636 0.61 20.84 19.622 -92.088 2.747 
11.533 41.877 0.635 0.611 22.188 22.267 -92.023 -299800.0 
11.423 41.878 0.553 0.612 20.346 19.607 -26.173 14.789 
11.482 41.88 0.597 0.614 22.445 22.47 -131.937 -299800.0 
11.448 41.882 0.572 0.615 21.491 21.178 -65.582 -299800.0 
11.548 41.885 0.646 0.619 22.95 22.025 -8.507 22.729 
11.533 41.889 0.635 0.623 21.987 21.157 -25.184 33.371 
11.506 41.89 0.615 0.623 20.765 20.882 -83.704 -299800.0 
11.235 41.89 0.412 0.622 21.226 20.582 -79.754 13.913 
11.532 41.89 0.634 0.624 20.557 20.125 -85.369 19.091 
11.397 41.891 0.533 0.624 22.34 22.208 -42.69 13.945 
11.258 41.892 0.429 0.625 21.39 20.75 -69.381 -299800.0 
11.265 41.896 0.434 0.628 21.31 21.228 -88.612 28.253 
11.24 41.896 0.415 0.628 20.752 20.183 -50.839 5.239 
11.401 41.896 0.536 0.629 21.791 20.853 -75.942 15.235 
11.407 41.896 0.541 0.629 21.263 20.83 -100.547 27.444 
11.424 41.898 0.553 0.631 19.188 18.837 -59.495 1.194 
11.341 41.898 0.491 0.631 22.057 21.527 -80.252 -299800.0 
11.325 41.899 0.479 0.632 22.437 21.418 -47.017 29.698 
11.506 41.899 0.614 0.633 20.924 20.854 -147.42 43.781 
11.223 41.899 0.403 0.631 21.586 20.493 -81.741 6.519 
11.406 41.899 0.54 0.632 21.747 20.896 -55.892 -299800.0 
11.359 41.9 0.505 0.633 22.019 21.178 -68.971 14.272 
11.448 41.901 0.572 0.634 21.176 20.059 -60.559 -299800.0 
11.499 41.901 0.609 0.635 22.188 20.786 -10.453 5.992 
11.35 41.903 0.498 0.636 21.653 20.585 -151.206 6.441 
11.364 41.904 0.509 0.637 21.443 21.13 -68.95 11.182 
11.291 41.905 0.454 0.637 20.299 19.251 -63.347 5.524 
11.384 41.906 0.524 0.638 22.222 21.6 -97.504 13.974 
11.244 41.906 0.418 0.638 20.268 19.465 -22.371 8.274 
11.346 41.907 0.495 0.639 21.297 20.406 -5.877 9.546 
11.256 41.908 0.427 0.64 21.253 20.06 -67.576 8.938 
11.544 41.908 0.643 0.642 22.405 22.47 -96.603 13.457 
11.376 41.911 0.517 0.644 22.228 22.157 -47.342 10.932 
11.436 41.912 0.562 0.645 21.405 19.743 -47.482 4.122 
11.488 41.914 0.601 0.647 22.267 21.84 -38.296 17.284 
11.383 41.917 0.522 0.65 20.187 20.451 -75.878 6.825 
11.533 41.918 0.635 0.652 22.672 21.485 -101.306 17.068 
11.421 41.92 0.551 0.653 21.263 21.127 -12.188 10.852 
11.332 41.92 0.484 0.653 20.37 19.957 -65.566 -299800.0 
11.498 41.922 0.608 0.656 21.19 20.48 -6.589 6.581 
11.416 41.922 0.548 0.655 21.176 20.792 -25.579 23.582 
11.443 41.924 0.568 0.657 19.676 19.568 -178.026 8.889 
11.204 41.924 0.389 0.656 22.214 21.73 -81.764 13.758 
11.46 41.925 0.58 0.658 21.344 21.345 -280.99 26.144 
11.218 41.925 0.4 0.657 21.481 20.798 -111.225 25.264 
11.221 41.926 0.402 0.658 20.979 20.395 -77.343 -299800.0 
11.476 41.926 0.592 0.659 22.124 22.021 -46.108 11.661 
11.233 41.927 0.41 0.659 21.283 20.375 -79.627 5.308 
11.5 41.927 0.61 0.661 21.432 20.406 -54.927 6.719 
11.522 41.927 0.626 0.661 21.604 21.461 -80.23 10.737 
11.24 41.927 0.416 0.659 20.333 19.795 -140.755 12.098 
11.372 41.928 0.514 0.661 21.7 20.274 -38.228 37.784 
11.441 41.928 0.566 0.662 22.153 20.836 17.264 9.624 
11.23 41.932 0.408 0.664 20.39 19.893 -108.236 15.286 
11.428 41.932 0.556 0.665 21.393 21.314 -17.676 20.314 
11.236 41.932 0.413 0.664 22.849 22.703 -52.535 13.988 
11.404 41.933 0.539 0.666 21.548 20.649 -11.77 16.15 
11.425 41.934 0.554 0.667 17.26 16.967 -44.035 0.861 
11.383 41.935 0.523 0.668 22.342 20.963 -51.733 36.212 
11.292 41.935 0.454 0.667 22.207 21.719 -112.563 -299800.0 
11.253 41.935 0.426 0.667 21.632 21.563 -13.463 -299800.0 
11.448 41.936 0.571 0.669 22.228 20.753 -22.204 6.497 
11.2 41.936 0.386 0.668 21.236 20.354 -69.737 6.069 
11.203 41.937 0.388 0.668 21.169 20.389 -137.819 18.862 
11.328 41.938 0.481 0.671 22.0 21.028 -84.203 -299800.0 
11.394 41.938 0.531 0.671 21.285 20.241 -138.324 12.995 
11.248 41.938 0.422 0.67 22.446 20.949 -72.883 6.857 
11.315 41.943 0.472 0.675 21.864 21.841 -92.302 18.886 
11.291 41.943 0.453 0.676 22.278 22.131 -53.158 13.177 
11.298 41.943 0.459 0.676 22.896 21.45 -113.662 14.762 
11.358 41.947 0.504 0.68 22.152 21.757 -40.859 32.312 
11.259 41.947 0.43 0.679 21.247 21.1 -89.229 19.022 
11.372 41.948 0.514 0.681 21.947 20.909 -67.89 13.699 
11.344 41.95 0.494 0.683 18.775 18.061 -82.534 1.924 
11.305 41.951 0.464 0.684 19.462 18.831 -27.689 1.73 
11.328 41.952 0.482 0.685 21.031 20.991 -5.218 18.108 
11.244 41.955 0.418 0.687 21.474 21.543 -184.782 24.984 
11.3 41.957 0.46 0.689 20.216 20.168 -13.18 10.296 
11.292 41.957 0.455 0.69 21.749 21.458 -121.275 28.88 
11.261 41.962 0.431 0.694 21.109 20.91 -75.415 7.148 
11.234 41.893 0.411 0.625 21.518 20.899 -55.309 12.375 
11.391 41.939 0.528 0.672 21.78 21.453 -10.27 15.366 
11.518 41.946 0.624 0.68 21.469 20.679 -24.539 7.701 
11.507 41.948 0.615 0.682 21.767 20.256 -49.345 4.435 
11.451 41.95 0.574 0.684 21.864 20.235 -82.87 3.736 
11.476 41.951 0.592 0.684 21.003 20.873 -70.656 9.482 
11.444 41.954 0.568 0.687 21.981 21.969 -92.295 15.933 
11.471 41.96 0.588 0.693 21.59 20.939 -145.066 18.812 
11.444 41.96 0.568 0.693 20.719 20.19 -45.145 19.838 
11.299 41.961 0.46 0.693 22.257 22.174 -35.484 23.685 
11.426 41.962 0.554 0.695 22.632 21.036 -80.215 11.545 
11.417 41.965 0.548 0.698 19.286 19.04 -13.851 6.005 
11.518 41.966 0.624 0.699 22.112 20.671 -67.353 4.74 
11.451 41.969 0.574 0.702 22.746 21.134 -76.471 8.498 
11.257 41.97 0.428 0.702 20.681 19.651 -0.235 6.925 
11.397 41.97 0.533 0.703 20.291 19.753 -43.038 12.058 
11.479 41.971 0.594 0.704 21.88 21.433 -154.354 13.92 
11.508 41.972 0.616 0.705 21.352 20.149 -111.011 7.187 
11.433 41.972 0.56 0.705 20.684 19.982 -28.194 -299800.0 
11.534 41.972 0.635 0.706 20.406 20.339 -7.967 9.22 
11.534 41.972 0.635 0.706 20.406 20.339 -81.875 12.552 
11.475 41.973 0.591 0.706 21.096 19.729 -93.635 16.311 
11.566 41.973 0.659 0.707 21.783 21.358 -64.834 14.39 
11.548 41.974 0.646 0.708 22.143 22.16 22.863 22.652 
11.368 41.975 0.511 0.708 22.858 22.202 -111.53 11.562 
11.384 41.975 0.523 0.708 21.58 21.29 -106.275 8.979 
11.403 41.976 0.537 0.709 20.912 20.368 -52.113 9.75 
11.385 41.976 0.524 0.709 22.152 21.84 -62.519 13.029 
11.385 41.976 0.524 0.709 22.152 21.84 -67.13 10.78 
11.261 41.976 0.431 0.708 21.986 22.008 -105.038 22.077 
11.413 41.977 0.545 0.71 19.582 18.547 -51.02 3.157 
11.4 41.978 0.535 0.711 21.484 21.278 -149.199 22.511 
11.472 41.979 0.589 0.712 20.902 20.821 -12.294 6.288 
11.366 41.98 0.51 0.713 20.787 20.599 -95.393 15.499 
11.432 41.982 0.559 0.715 21.279 20.597 -105.14 6.215 
11.368 41.982 0.511 0.715 21.59 20.933 -63.776 14.37 
11.383 41.983 0.522 0.716 22.073 21.148 -63.396 12.885 
11.371 41.984 0.514 0.716 22.069 21.476 -40.651 12.185 
11.425 41.984 0.554 0.718 21.37 21.356 25.951 -299800.0 
11.434 41.985 0.561 0.718 21.391 21.017 -70.4 11.165 
11.265 41.985 0.434 0.717 20.549 20.479 -33.379 10.918 
11.365 41.986 0.509 0.719 20.482 20.348 -69.947 15.757 
11.412 41.987 0.544 0.72 22.133 22.09 -83.601 -299800.0 
11.38 41.99 0.52 0.723 22.297 21.83 -14.148 17.979 
11.578 41.99 0.668 0.724 22.193 21.961 -65.758 21.516 
11.363 41.99 0.507 0.723 20.354 19.977 -21.784 11.1 
11.362 41.99 0.506 0.723 20.553 20.622 -78.633 9.066 
11.378 41.991 0.519 0.724 19.772 19.351 -75.66 6.836 
11.365 41.992 0.509 0.724 21.344 21.359 -254.944 10.779 
11.257 41.992 0.428 0.724 21.735 20.77 -81.827 -299800.0 
11.422 41.992 0.551 0.725 21.983 21.455 -127.64 13.848 
11.459 41.995 0.579 0.728 21.208 20.283 -59.759 8.898 
11.375 41.995 0.517 0.728 21.586 20.445 -116.166 20.939 
11.251 41.997 0.424 0.729 21.45 20.415 -14.263 5.407 
11.229 41.997 0.407 0.729 22.416 21.119 -61.088 9.811 
11.444 42.0 0.568 0.733 22.301 22.233 -32.913 37.521 
11.571 42.001 0.663 0.735 22.022 21.326 -101.856 13.709 
11.386 42.002 0.524 0.735 20.294 19.691 -23.258 -299800.0 
11.25 42.003 0.423 0.735 21.494 21.264 -90.959 -299800.0 
11.254 42.005 0.426 0.737 21.591 20.277 -87.883 5.484 
11.567 42.005 0.66 0.739 20.49 19.878 -109.006 6.66 
11.567 42.005 0.66 0.739 20.49 19.878 -70.979 5.781 
11.289 42.006 0.452 0.738 21.567 21.584 -143.204 18.335 
11.326 42.007 0.479 0.74 21.805 21.729 -78.596 10.766 
11.309 42.01 0.467 0.742 22.573 21.337 54.627 -299800.0 
11.236 42.013 0.413 0.745 22.482 22.302 -54.283 25.565 
11.22 42.015 0.4 0.747 22.515 21.85 -57.927 14.45 
11.243 42.016 0.418 0.748 22.018 20.712 -123.786 6.807 
11.356 42.017 0.502 0.75 21.258 20.379 -25.877 5.272 
11.382 42.017 0.522 0.75 19.676 18.981 -16.2 2.012 
11.345 42.017 0.494 0.75 21.745 20.455 -57.67 4.854 
11.393 42.02 0.53 0.753 21.651 21.731 -50.637 19.693 
11.24 42.02 0.415 0.752 20.555 19.948 -111.493 5.84 
11.229 42.02 0.407 0.752 20.385 19.954 -127.508 6.069 
11.25 42.021 0.422 0.753 22.592 22.526 -144.888 12.209 
11.439 42.023 0.564 0.756 21.487 20.29 -46.326 14.777 
11.352 42.028 0.499 0.76 21.074 20.236 -14.423 -299800.0 
11.334 42.028 0.486 0.761 20.827 20.366 -38.588 6.469 
11.279 42.032 0.445 0.764 21.689 20.541 -40.966 5.226 
11.224 42.036 0.403 0.768 22.723 22.699 -76.965 50.243 
11.227 42.038 0.405 0.77 21.402 20.565 -105.474 7.529 
11.231 42.041 0.408 0.773 21.446 21.442 56.936 16.613 
11.23 42.045 0.408 0.777 20.545 20.286 -154.775 11.543 
11.328 42.031 0.481 0.763 22.073 20.574 8.593 4.324 
11.854 42.14 0.874 0.877 20.617 20.271 -63.494 5.992 
11.849 42.158 0.87 0.895 22.465 22.329 -141.978 13.076 
11.817 42.161 0.846 0.897 20.542 20.475 -64.792 8.68 
11.796 42.163 0.83 0.9 22.175 21.036 -82.347 -299800.0 
11.824 42.165 0.851 0.901 22.638 22.324 -21.556 7.386 
11.893 42.167 0.903 0.904 21.219 21.05 -106.348 2.935 
11.649 42.168 0.721 0.903 20.762 20.637 -83.064 -299800.0 
11.664 42.179 0.731 0.914 22.138 21.668 -58.275 51.258 
11.711 42.179 0.767 0.915 22.162 21.895 -72.195 -299800.0 
11.676 42.18 0.74 0.915 20.275 19.938 9.141 -299800.0 
11.862 42.181 0.879 0.917 21.157 20.596 -1.392 12.863 
11.597 42.184 0.682 0.919 22.135 21.117 -39.205 9.99 
11.699 42.185 0.758 0.92 21.924 21.733 -166.001 24.611 
11.679 42.186 0.743 0.921 21.104 20.94 -81.921 3.411 
11.708 42.188 0.764 0.923 20.824 20.562 -98.35 3.644 
11.876 42.188 0.89 0.925 22.01 20.883 -76.885 -299800.0 
11.607 42.188 0.689 0.923 20.862 20.261 -23.673 4.307 
11.76 42.189 0.803 0.925 21.906 20.918 -63.791 13.592 
11.65 42.19 0.721 0.925 21.798 21.529 -41.07 18.858 
11.748 42.19 0.794 0.926 20.812 20.645 -125.73 7.926 
11.872 42.191 0.887 0.928 21.088 20.711 -76.529 4.841 
11.648 42.191 0.719 0.926 20.051 19.776 7.434 7.02 
11.792 42.191 0.827 0.927 21.01 20.811 -110.705 10.225 
11.681 42.191 0.744 0.926 18.993 18.207 8.143 3.378 
11.636 42.192 0.711 0.926 21.725 20.911 1.015 26.878 
11.829 42.192 0.855 0.929 22.656 21.07 -86.854 -299800.0 
11.644 42.193 0.716 0.928 20.944 20.788 -38.367 7.145 
11.942 42.193 0.939 0.931 22.384 21.368 -87.387 11.056 
11.672 42.194 0.738 0.929 17.743 17.045 10.338 0.471 
11.587 42.194 0.674 0.929 22.807 22.029 -85.311 10.356 
11.746 42.195 0.793 0.931 19.049 18.125 -15.637 0.617 
11.615 42.196 0.695 0.93 20.639 20.61 -59.391 11.552 
11.811 42.196 0.842 0.932 21.464 21.064 -50.46 13.101 
11.686 42.197 0.748 0.932 22.694 22.236 -41.89 18.033 
11.604 42.198 0.687 0.932 21.953 22.122 -153.799 40.292 
11.764 42.199 0.806 0.934 21.35 21.26 -138.751 8.788 
11.614 42.2 0.695 0.934 20.041 19.699 4.636 2.891 
11.726 42.202 0.778 0.938 20.832 20.72 -74.315 -299800.0 
11.807 42.203 0.839 0.939 21.805 21.567 -46.622 8.15 
11.584 42.204 0.671 0.939 21.205 21.274 -152.572 -299800.0 
11.614 42.205 0.694 0.939 19.664 19.314 -10.339 3.483 
11.6 42.205 0.684 0.94 21.216 20.898 -97.171 20.114 
11.699 42.206 0.757 0.941 22.763 22.494 -30.695 8.771 
11.604 42.206 0.687 0.941 20.313 20.538 -131.568 23.71 
11.62 42.209 0.698 0.943 20.387 20.451 -91.787 -299800.0 
11.58 42.209 0.669 0.943 22.288 20.922 -70.964 8.258 
11.654 42.21 0.724 0.945 22.016 21.324 -51.46 6.525 
11.595 42.21 0.68 0.944 19.268 18.918 -16.546 1.787 
11.645 42.21 0.717 0.945 19.589 19.706 -16.332 14.304 
11.736 42.21 0.785 0.946 20.914 21.029 -65.425 11.428 
11.742 42.211 0.79 0.947 22.63 22.596 -1.878 28.426 
11.726 42.22 0.778 0.955 22.196 21.103 -16.947 20.208 
11.653 42.221 0.723 0.956 22.788 22.394 -26.603 25.437 
11.644 42.229 0.716 0.964 22.005 21.883 -13.97 26.039 
11.59 42.24 0.676 0.974 22.048 20.785 -171.563 20.784 
11.642 42.24 0.715 0.975 21.567 20.793 -38.167 5.409 
11.6 42.243 0.683 0.977 21.88 21.43 -66.272 15.235 
11.597 42.243 0.681 0.977 18.785 18.297 -50.03 1.28 
11.636 42.231 0.71 0.966 20.721 20.782 -8.668 30.689 
11.884 42.091 0.896 0.828 22.656 21.38 -145.799 7.99 
11.872 42.095 0.887 0.832 22.428 21.775 -161.197 10.196 
11.837 42.096 0.861 0.832 21.683 21.372 -197.69 18.443 
11.809 42.1 0.841 0.837 21.147 20.13 -115.142 4.422 
11.835 42.101 0.86 0.838 22.509 21.959 -221.455 11.291 
11.812 42.106 0.843 0.842 22.473 21.385 -95.949 11.795 
11.902 42.111 0.91 0.849 22.843 21.65 -148.657 14.732 
11.662 42.116 0.731 0.851 21.152 20.078 -21.734 5.801 
11.787 42.117 0.824 0.853 20.844 19.962 -134.019 -299800.0 
11.683 42.118 0.746 0.853 21.671 21.429 7.756 20.724 
11.68 42.118 0.744 0.853 20.238 19.336 -5.092 7.062 
11.701 42.123 0.759 0.858 21.964 21.233 58.255 4.777 
11.702 42.123 0.761 0.858 21.3 20.556 -41.609 7.884 
11.698 42.124 0.757 0.859 22.017 21.811 -239.25 13.948 
11.771 42.125 0.812 0.861 22.877 22.573 17.787 10.595 
11.877 42.126 0.891 0.863 22.186 21.43 -150.114 -299800.0 
11.888 42.127 0.899 0.864 21.748 20.869 -110.485 7.441 
11.698 42.128 0.757 0.863 21.738 21.132 -40.985 8.196 
11.684 42.128 0.747 0.864 21.925 21.984 -185.178 19.991 
11.671 42.13 0.737 0.865 22.588 22.508 -42.656 3.823 
11.769 42.13 0.81 0.866 22.487 22.514 -37.172 14.81 
11.868 42.131 0.885 0.868 21.761 21.587 -351.874 -299800.0 
11.888 42.138 0.899 0.875 22.44 22.375 -99.87 25.161 
11.78 42.138 0.819 0.874 21.008 21.085 -69.202 -299800.0 
11.864 42.139 0.881 0.876 22.008 20.52 -91.3 3.029 
11.662 42.142 0.73 0.877 22.561 21.626 -52.107 8.729 
11.612 42.143 0.693 0.878 20.879 20.531 -24.162 12.815 
11.611 42.143 0.693 0.878 21.164 19.435 -64.625 8.545 
11.826 42.144 0.853 0.881 22.588 22.127 -105.74 32.073 
11.714 42.145 0.769 0.88 20.366 20.16 -58.008 17.618 
11.643 42.145 0.716 0.88 20.25 20.076 -44.844 45.534 
11.744 42.146 0.791 0.881 22.941 21.414 -66.932 18.458 
11.691 42.146 0.752 0.881 21.65 21.649 -96.291 15.993 
11.834 42.147 0.859 0.884 20.399 20.467 -159.607 9.437 
11.633 42.149 0.708 0.884 22.359 21.235 -50.083 8.926 
11.735 42.15 0.785 0.885 21.527 21.323 -48.53 -299800.0 
11.729 42.151 0.78 0.886 21.539 21.152 -64.364 -299800.0 
11.731 42.151 0.782 0.887 20.43 20.128 -3.553 11.061 
11.747 42.153 0.794 0.888 22.61 22.446 -138.399 14.891 
11.619 42.154 0.698 0.889 21.059 19.748 -32.272 2.545 
11.804 42.155 0.836 0.891 21.924 20.996 -84.172 20.116 
11.908 42.157 0.914 0.894 20.777 19.732 -344.262 7.72 
11.612 42.157 0.693 0.891 21.787 20.732 8.576 11.037 
11.85 42.157 0.871 0.894 22.61 22.597 -204.946 18.008 
11.669 42.159 0.735 0.894 20.179 19.585 -10.078 2.635 
11.871 42.159 0.886 0.896 22.343 22.34 -84.703 15.311 
11.739 42.16 0.787 0.895 22.423 22.282 -925.525 8.087 
11.624 42.16 0.702 0.895 20.975 20.716 -31.59 8.334 
11.841 42.16 0.864 0.897 24.471 22.905 -142.079 46.119 
11.84 42.161 0.863 0.897 22.617 21.712 -97.615 12.299 
11.649 42.161 0.72 0.896 20.935 20.929 -110.354 -299800.0 
11.755 42.162 0.8 0.898 22.254 20.886 -53.669 14.031 
11.656 42.164 0.726 0.899 19.241 18.316 -29.256 0.659 
11.646 42.164 0.719 0.899 21.782 20.717 -25.721 7.249 
11.686 42.164 0.749 0.9 19.31 18.772 -26.351 1.17 
11.849 42.165 0.87 0.901 22.396 21.108 -70.128 7.909 
11.602 42.165 0.685 0.899 21.632 20.725 -24.289 5.506 
11.817 42.166 0.846 0.902 22.555 21.25 -60.15 -299800.0 
11.69 42.166 0.751 0.901 21.479 21.293 -108.907 12.063 
11.765 42.167 0.807 0.903 21.288 20.627 -51.341 4.572 
11.699 42.167 0.758 0.902 22.433 22.4 -144.059 13.969 
11.616 42.168 0.696 0.903 21.61 21.575 -125.389 19.741 
11.636 42.169 0.711 0.904 20.695 19.476 -25.599 1.707 
11.797 42.17 0.831 0.906 20.003 19.513 -86.479 6.698 
11.654 42.171 0.724 0.906 21.536 21.072 -74.716 5.026 
11.771 42.172 0.812 0.908 21.628 21.316 -73.067 -299800.0 
11.585 42.174 0.673 0.908 21.748 20.246 -5.496 8.43 
11.585 42.174 0.672 0.908 21.748 20.246 -17.754 9.602 
11.707 42.175 0.764 0.911 20.723 20.754 -81.988 37.088 
11.657 42.177 0.727 0.912 20.1 19.228 -36.545 1.637 
11.583 42.183 0.671 0.917 21.331 21.345 -22.793 18.212 
11.616 42.184 0.695 0.919 20.881 20.234 -39.025 7.394 
11.702 42.186 0.76 0.921 21.771 20.873 -37.53 6.253 
11.634 42.186 0.709 0.921 20.249 20.402 12.999 17.366 
11.683 42.188 0.745 0.923 22.936 22.565 -31.568 21.207 
11.619 42.191 0.698 0.925 20.711 20.43 -198.169 7.715 
11.652 42.193 0.723 0.928 20.331 20.201 -26.575 14.748 
11.601 42.198 0.684 0.932 22.429 21.34 -47.464 14.205 
11.792 42.169 0.827 0.905 21.363 20.228 -97.685 4.162 
11.569 41.915 0.662 0.649 20.074 20.039 -86.694 4.931 
11.513 41.92 0.62 0.654 22.879 22.452 -97.494 -299800.0 
11.595 41.921 0.681 0.655 20.917 19.903 -70.977 2.802 
11.574 41.923 0.665 0.657 22.499 22.443 130.901 22.955 
11.607 41.924 0.69 0.659 21.08 20.387 -78.585 5.53 
11.5 41.927 0.61 0.661 21.432 20.406 -55.374 2.671 
11.549 41.93 0.647 0.664 21.201 20.503 -98.476 3.981 
11.623 41.932 0.702 0.666 20.522 19.695 -76.846 8.0 
11.607 41.937 0.69 0.671 20.349 20.374 -121.918 -299800.0 
11.528 41.937 0.631 0.671 22.296 22.439 -18.028 4.098 
11.495 41.946 0.606 0.679 22.672 22.676 -46.782 14.419 
11.493 41.955 0.605 0.689 21.338 19.948 -100.102 2.413 
11.586 41.959 0.675 0.694 21.517 21.683 -45.209 23.612 
11.502 41.964 0.611 0.697 19.964 19.728 -26.458 2.423 
11.571 41.967 0.663 0.701 23.744 22.759 34.032 60.292 
11.565 41.97 0.659 0.704 21.637 21.662 -27.043 7.588 
11.505 41.972 0.614 0.705 21.643 20.109 -80.904 2.271 
11.479 41.972 0.594 0.706 22.09 21.936 -80.663 7.006 
11.536 41.972 0.637 0.706 21.894 21.978 -67.283 -299800.0 
11.534 41.972 0.635 0.706 20.406 20.339 -66.063 5.522 
11.491 41.973 0.603 0.706 20.52 20.092 -49.119 3.04 
11.523 41.988 0.627 0.722 21.063 20.927 -82.755 3.287 
11.511 41.991 0.618 0.724 22.58 21.388 -59.744 8.368 
11.485 41.995 0.598 0.729 22.942 22.269 -93.329 9.149 
11.496 41.997 0.607 0.731 22.378 20.876 -92.646 5.8 
11.45 42.005 0.573 0.738 21.612 21.454 -30.94 8.648 
11.513 42.006 0.62 0.74 22.858 22.479 4.142 12.227 
11.405 42.031 0.539 0.764 21.068 20.01 -135.169 2.212 
11.396 42.032 0.532 0.765 19.596 19.329 -69.519 2.142 
11.472 42.035 0.589 0.768 21.913 20.587 -63.006 12.399 
11.417 42.054 0.547 0.787 21.995 20.396 -70.868 4.28 
11.404 42.07 0.538 0.803 19.668 19.011 -33.632 1.186 
11.396 42.07 0.531 0.803 21.542 21.467 -83.133 8.983 
11.372 42.079 0.514 0.812 21.223 21.152 -68.523 -299800.0 
11.354 42.104 0.5 0.837 20.925 21.025 -104.392 19.726 
11.355 42.114 0.501 0.846 22.331 22.172 -158.964 11.268 
11.382 42.116 0.521 0.849 22.896 22.811 -136.869 12.341 
11.594 42.128 0.68 0.862 22.459 21.336 -31.134 22.473 
11.619 42.134 0.698 0.868 20.751 20.454 -21.708 5.237 
11.636 42.134 0.711 0.869 22.194 21.57 -49.307 -299800.0 
11.626 42.138 0.703 0.873 21.249 20.415 -27.102 3.986 
11.603 42.139 0.686 0.874 20.583 20.719 -25.359 20.676 
11.581 42.142 0.67 0.876 21.843 21.212 -8.998 6.253 
11.605 42.144 0.688 0.879 20.603 20.213 -18.531 4.996 
11.605 42.144 0.688 0.879 20.603 20.213 45.441 3.057 
11.658 42.148 0.727 0.882 22.138 21.226 1.894 7.088 
11.576 42.148 0.666 0.883 22.986 22.705 -115.0 7.085 
11.585 42.149 0.673 0.884 19.703 19.348 -35.21 1.903 
11.578 42.153 0.668 0.888 22.505 21.431 -18.54 7.102 
11.622 42.158 0.7 0.892 21.965 21.618 -39.075 12.431 
11.55 42.16 0.646 0.894 21.689 21.126 -12.027 7.589 
11.646 42.162 0.718 0.896 20.569 19.903 -29.202 2.344 
11.539 42.163 0.639 0.897 21.406 20.75 -66.908 10.146 
11.657 42.164 0.727 0.899 19.738 18.898 -76.856 1.411 
11.666 42.166 0.734 0.901 21.828 21.745 -94.401 12.256 
11.649 42.169 0.72 0.904 20.061 19.878 -53.253 6.048 
11.651 42.171 0.722 0.906 19.669 19.104 -72.462 1.5 
11.595 42.172 0.68 0.907 22.692 21.449 -18.283 6.083 
11.641 42.173 0.714 0.908 22.671 22.186 106.337 18.723 
11.613 42.177 0.694 0.911 22.327 21.53 -77.818 21.561 
11.663 42.177 0.731 0.912 21.487 21.028 -61.45 9.552 
11.559 42.179 0.653 0.913 20.003 19.906 -57.929 3.62 
11.674 42.181 0.739 0.916 18.983 18.877 -47.347 4.791 
11.6 42.185 0.684 0.92 20.954 19.822 -39.849 2.204 
11.583 42.185 0.671 0.919 21.241 21.381 -56.295 16.763 
11.622 42.187 0.7 0.921 20.977 20.954 -221.717 8.123 
11.645 42.187 0.717 0.922 22.053 20.938 -16.549 6.737 
11.667 42.188 0.734 0.923 21.082 20.494 -57.892 6.809 
11.66 42.189 0.728 0.924 20.444 19.927 -23.71 3.067 
11.646 42.191 0.718 0.926 21.662 21.329 -93.191 9.188 
11.65 42.192 0.721 0.927 20.575 20.394 -62.043 13.713 
11.61 42.196 0.691 0.93 20.928 19.892 -25.978 -599600.0 
11.631 42.196 0.707 0.931 18.657 18.462 -23.344 1.504 
11.631 42.196 0.707 0.931 18.657 18.462 -21.182 1.944 
11.672 42.197 0.738 0.932 21.48 20.238 -38.608 2.604 
11.623 42.198 0.701 0.933 19.478 19.064 -24.687 3.113 
11.674 42.201 0.739 0.936 22.226 21.082 -26.224 5.39 
11.638 42.202 0.712 0.936 21.514 21.483 -30.239 12.319 
11.646 42.202 0.718 0.937 21.445 21.599 -67.709 17.815 
11.618 42.204 0.697 0.938 20.052 20.065 -56.478 6.982 
11.672 42.209 0.737 0.944 20.947 20.826 -60.64 8.336 
11.629 42.213 0.705 0.947 19.018 18.04 -41.088 0.497 
11.649 42.213 0.72 0.948 19.844 19.236 -36.757 1.179 
11.67 42.215 0.736 0.95 19.202 18.785 -45.809 1.285 
11.712 42.22 0.767 0.956 22.253 21.731 -115.504 11.616 
11.682 42.224 0.745 0.959 22.14 22.148 -115.084 26.222 
11.644 42.226 0.716 0.961 20.321 20.445 68.136 9.907 
11.759 42.229 0.802 0.964 21.964 21.484 -25.371 6.2 
11.64 42.233 0.713 0.968 21.348 21.058 -104.323 7.132 
11.647 42.242 0.719 0.977 21.156 20.82 -50.29 -299800.0 
11.793 42.244 0.827 0.981 20.921 20.754 -26.966 6.188 
11.654 42.246 0.724 0.98 21.985 21.408 -131.89 6.254 
11.729 42.247 0.78 0.983 19.974 19.443 -49.218 1.314 
11.676 42.259 0.741 0.994 20.466 19.408 -33.277 1.547 
11.782 42.261 0.819 0.997 21.913 20.922 -44.445 4.782 
11.688 42.27 0.749 1.006 23.04 21.912 -18.53 18.615 
11.781 42.272 0.819 1.009 20.606 19.7 -61.85 1.68 
11.739 42.273 0.787 1.008 20.941 20.526 -51.178 3.657 
11.694 42.273 0.753 1.008 20.633 20.199 -35.326 2.129 
11.694 42.273 0.753 1.008 20.633 20.199 -23.282 5.936 
11.668 42.117 0.735 0.852 21.809 21.661 -7.473 13.781 
11.593 42.118 0.679 0.853 20.079 19.41 -46.276 3.183 
11.641 42.119 0.715 0.854 21.577 21.578 -64.182 30.028 
11.58 42.121 0.669 0.855 21.653 20.718 -63.917 15.604 
11.603 42.124 0.686 0.858 21.665 20.684 -27.724 7.213 
11.608 42.126 0.69 0.86 21.57 21.526 -86.048 16.199 
11.612 42.126 0.693 0.86 22.46 21.074 -29.239 6.969 
11.657 42.128 0.726 0.863 18.886 18.93 -9.246 6.061 
11.695 42.128 0.755 0.863 19.979 19.717 19.216 4.076 
11.588 42.134 0.675 0.868 20.967 21.084 -98.706 23.756 
11.7 42.136 0.759 0.871 22.676 21.866 -102.532 -299800.0 
11.666 42.137 0.733 0.872 21.679 20.298 -37.851 6.448 
11.638 42.141 0.712 0.876 21.181 20.668 -209.032 13.962 
11.692 42.141 0.753 0.876 20.898 19.754 -32.623 3.645 
11.604 42.146 0.687 0.881 21.028 20.14 -16.785 3.435 
11.622 42.148 0.7 0.882 21.23 20.329 -14.403 5.114 
11.678 42.149 0.742 0.884 21.48 20.852 -6.789 7.255 
11.577 42.151 0.667 0.885 20.907 20.338 -49.299 11.582 
11.672 42.151 0.737 0.886 20.801 20.607 -51.714 7.183 
11.622 42.151 0.7 0.886 21.011 20.147 -37.043 3.838 
11.604 42.154 0.687 0.888 21.842 21.532 -26.506 10.522 
11.614 42.156 0.695 0.891 22.549 21.333 -53.7 10.564 
11.647 42.158 0.719 0.892 19.877 19.655 -56.422 4.697 
11.58 42.158 0.669 0.892 18.669 18.171 -139.61 2.481 
11.643 42.163 0.716 0.897 20.646 20.642 -149.827 12.736 
11.615 42.168 0.695 0.903 21.174 20.927 -35.758 7.921 
11.682 42.169 0.745 0.904 22.316 21.489 -58.715 9.768 
11.682 42.17 0.745 0.905 21.295 20.267 -44.025 3.616 
11.703 42.17 0.761 0.905 21.839 21.721 -56.916 20.026 
11.656 42.17 0.725 0.905 22.024 21.845 -43.638 15.549 
11.663 42.17 0.731 0.905 21.69 21.588 -13.332 47.665 
11.614 42.175 0.695 0.91 21.539 21.371 57.271 18.467 
11.682 42.182 0.745 0.917 22.923 22.187 -111.917 -299800.0 
11.65 42.186 0.721 0.92 21.524 21.572 -143.05 19.666 
11.702 42.186 0.76 0.921 21.771 20.873 -24.433 5.667 
11.638 42.187 0.712 0.922 20.594 20.595 -43.039 8.564 
11.632 42.187 0.708 0.922 21.8 20.092 -50.35 3.654 
11.65 42.188 0.721 0.923 21.964 21.593 -37.817 10.179 
11.679 42.19 0.742 0.925 21.592 21.125 -62.038 6.264 
11.676 42.19 0.741 0.925 20.42 20.195 -28.641 13.536 
11.642 42.191 0.715 0.925 20.4 20.295 -5.136 20.248 
11.745 42.192 0.792 0.928 14.586 13.479 -5.887 0.546 
11.647 42.192 0.719 0.927 22.318 21.839 -65.855 7.928 
11.658 42.197 0.727 0.932 22.805 22.449 -88.367 20.972 
11.748 42.197 0.795 0.933 22.286 22.276 -31.891 28.06 
11.754 42.198 0.799 0.933 21.093 20.429 -52.737 4.965 
11.652 42.199 0.723 0.933 21.135 21.104 -18.463 11.057 
11.654 42.199 0.724 0.934 20.942 20.396 -54.755 7.049 
11.675 42.2 0.74 0.935 21.628 20.459 -21.439 6.017 
11.683 42.2 0.746 0.935 22.266 22.24 -68.612 37.295 
11.677 42.202 0.741 0.937 22.077 21.362 -387.87 15.349 
11.82 42.206 0.848 0.942 22.305 22.082 -11.578 7.205 
11.692 42.207 0.752 0.942 22.169 21.958 -5.529 22.664 
11.772 42.21 0.812 0.945 21.672 21.373 -74.942 32.501 
11.757 42.211 0.801 0.947 21.905 20.916 -195.399 -299800.0 
11.674 42.212 0.739 0.948 20.448 19.805 -88.145 -299800.0 
11.689 42.218 0.75 0.953 22.982 22.578 -120.252 34.671 
11.778 42.22 0.816 0.956 21.973 21.711 -75.029 -299800.0 
11.788 42.228 0.824 0.964 22.372 20.791 -43.878 5.95 
11.8 42.23 0.833 0.966 22.427 21.848 -27.38 -299800.0 
11.782 42.232 0.819 0.968 20.707 19.527 -61.731 2.641 
11.834 42.235 0.859 0.971 21.18 20.987 -104.171 5.408 
11.786 42.239 0.823 0.975 21.048 19.987 12.34 7.177 
11.776 42.241 0.815 0.977 22.627 21.668 -125.241 17.022 
11.782 42.252 0.819 0.988 22.25 22.22 -66.949 9.827 
11.83 42.266 0.855 1.002 20.515 20.189 -61.837 3.747 
11.826 42.282 0.852 1.018 21.048 20.248 -50.633 3.622 
11.82 42.282 0.848 1.019 22.007 21.174 -33.927 8.348 
11.826 42.292 0.852 1.028 20.8 19.565 -99.863 4.532 
11.83 42.302 0.855 1.038 21.623 20.814 -46.735 16.719 
11.83 42.302 0.855 1.038 21.623 20.814 -74.111 7.559 
11.831 42.306 0.856 1.043 22.856 22.351 -94.035 13.552 
11.826 42.309 0.852 1.046 22.584 22.28 -13.32 10.533 
11.633 42.135 0.709 0.87 21.006 20.796 -56.0 7.865 
11.686 41.929 0.75 0.664 22.508 21.932 -78.06 22.227 
11.707 41.948 0.765 0.684 21.652 20.948 -109.591 7.434 
11.692 41.951 0.754 0.686 21.245 20.127 -137.49 3.887 
11.718 41.959 0.773 0.694 22.747 22.569 -131.987 36.742 
11.656 41.959 0.727 0.694 22.31 22.137 -78.64 8.969 
11.731 41.961 0.783 0.697 21.278 21.435 -301.893 10.734 
11.653 41.962 0.724 0.696 20.962 20.382 -68.83 6.363 
11.66 41.963 0.73 0.698 21.384 20.606 -69.614 4.72 
11.639 41.964 0.714 0.699 22.666 22.621 -20.731 23.124 
11.711 41.964 0.768 0.7 22.224 22.191 -31.248 13.159 
11.681 41.967 0.746 0.702 22.764 21.994 -140.459 12.449 
11.728 41.968 0.78 0.704 21.102 20.809 -158.366 4.714 
11.702 41.969 0.761 0.704 21.221 21.127 -164.343 8.683 
11.718 41.97 0.773 0.705 22.256 22.329 -212.329 10.499 
11.704 41.971 0.762 0.707 19.32 19.045 -73.887 2.508 
11.639 41.972 0.714 0.707 20.312 19.056 -66.19 1.182 
11.668 41.972 0.735 0.707 20.81 20.606 -131.493 12.09 
11.664 41.973 0.732 0.708 21.482 21.24 -101.188 8.61 
11.667 41.973 0.735 0.708 21.241 20.921 -178.615 7.583 
11.629 41.976 0.707 0.711 21.922 21.693 -232.147 13.938 
11.639 41.978 0.714 0.712 19.568 18.736 -85.864 0.784 
11.709 41.979 0.767 0.714 21.253 21.25 -115.592 31.463 
11.69 41.979 0.752 0.714 20.776 20.489 -100.57 13.64 
11.696 41.98 0.756 0.715 21.999 21.772 7.81 -299800.0 
11.733 41.98 0.784 0.716 21.323 21.354 -364.398 10.085 
11.629 41.98 0.707 0.715 21.859 21.001 -107.685 5.37 
11.619 41.981 0.699 0.716 21.661 21.516 -124.004 7.494 
11.657 41.981 0.727 0.716 21.613 20.766 -54.085 4.168 
11.732 41.981 0.783 0.717 21.593 21.385 6.625 29.043 
11.638 41.984 0.713 0.719 21.342 21.484 -102.303 13.129 
11.643 41.986 0.717 0.721 21.215 21.173 -82.86 15.306 
11.619 41.987 0.699 0.722 21.749 21.703 -109.904 34.459 
11.639 41.989 0.714 0.724 20.871 21.07 -22.498 13.567 
11.616 41.99 0.697 0.724 20.335 19.453 -52.884 -299800.0 
11.74 41.991 0.789 0.726 19.093 18.825 -102.714 3.528 
11.665 41.992 0.733 0.727 20.118 19.405 -57.405 2.093 
11.64 41.993 0.714 0.727 20.69 20.683 -23.766 9.813 
11.624 41.993 0.702 0.727 22.336 22.302 -57.366 13.61 
11.609 41.993 0.692 0.727 21.112 20.602 -72.471 3.956 
11.662 41.995 0.731 0.729 21.342 20.591 -59.551 3.716 
11.641 41.997 0.716 0.732 20.245 19.953 -34.362 2.435 
11.636 41.999 0.711 0.734 20.599 20.593 -60.381 9.859 
11.59 42.003 0.677 0.737 22.404 21.673 15.98 18.863 
11.627 42.008 0.705 0.742 22.925 21.499 -58.855 14.219 
11.609 42.01 0.691 0.744 20.277 20.085 7.907 3.46 
11.582 42.013 0.672 0.747 21.889 21.828 -9.113 31.442 
11.578 42.016 0.668 0.751 22.459 21.906 -58.291 11.806 
11.566 42.023 0.659 0.758 22.848 22.175 -6.813 26.693 
11.555 42.034 0.651 0.768 22.087 21.483 -28.474 13.528 
11.562 42.034 0.656 0.769 22.524 22.611 -3.615 8.391 
11.588 42.042 0.675 0.776 20.565 20.129 -22.583 2.986 
11.587 42.043 0.674 0.777 21.868 21.332 -21.171 12.603 
11.568 42.046 0.661 0.781 22.768 22.761 -64.422 13.265 
11.56 42.051 0.655 0.785 22.664 22.728 -83.473 18.747 
11.6 42.06 0.685 0.795 21.711 21.572 27.94 13.528 
11.595 42.062 0.681 0.796 21.119 20.165 -34.39 3.511 
11.592 42.064 0.678 0.799 21.91 20.724 -44.47 4.249 
11.557 42.079 0.652 0.813 22.287 22.263 -114.663 14.056 
11.58 42.085 0.67 0.82 21.392 20.954 -9.787 6.977 
11.559 42.088 0.654 0.822 21.667 21.304 -42.031 27.132 
11.498 42.09 0.608 0.823 20.673 19.525 -116.318 3.102 
11.592 42.091 0.678 0.826 22.154 21.844 -103.943 12.504 
11.498 42.093 0.608 0.826 22.117 22.15 -57.657 12.049 
11.598 42.1 0.683 0.834 21.207 19.885 -73.074 2.779 
11.477 42.11 0.592 0.843 22.477 21.432 6.994 14.632 
11.568 42.117 0.66 0.851 22.671 22.374 -45.063 14.53 
11.58 42.121 0.669 0.855 21.653 20.718 -23.026 3.888 
11.467 42.123 0.585 0.856 21.313 21.155 -69.794 5.961 
11.572 42.123 0.663 0.857 22.177 21.078 -5.409 5.548 
11.483 42.125 0.596 0.858 20.566 19.605 -228.29 6.403 
11.513 42.135 0.619 0.869 21.862 21.62 -89.72 18.483 
11.556 42.14 0.651 0.874 22.027 21.116 -124.424 5.955 
