6312.41 0.916702
6313.06 0.92336
6313.71 0.928206
6314.36 0.931397
6315.01 0.933377
6315.66 0.934821
6316.31 0.936619
6316.95 0.939683
6317.6 0.944707
6318.25 0.951828
6318.9 0.960497
6319.55 0.969484
6320.2 0.977204
6320.85 0.982101
6321.5 0.9831
6322.15 0.97994
6322.8 0.973239
6323.45 0.964278
6324.1 0.95458
6324.75 0.945372
6325.4 0.937216
6326.05 0.929831
6326.7 0.922347
6327.35 0.913809
6328.0 0.903735
6328.65 0.892611
6329.3 0.881934
6329.95 0.873842
6330.6 0.870415
6331.25 0.873002
6331.9 0.881744
6332.55 0.895547
6333.2 0.912446
6333.85 0.930144
6334.49 0.946547
6335.14 0.960056
6335.79 0.969669
6336.44 0.974887
6337.09 0.975608
6337.74 0.972037
6338.39 0.964713
6339.04 0.954541
6339.69 0.942794
6340.34 0.931039
6340.99 0.920919
6341.64 0.913886
6342.29 0.910942
6342.94 0.912426
6343.59 0.917902
6344.24 0.926271
6344.89 0.936002
6345.54 0.945502
6346.19 0.953484
6346.84 0.959263
6347.49 0.962892
6348.14 0.965027
6348.79 0.966699
6349.44 0.968984
6350.09 0.972631
6350.74 0.9779
6351.39 0.984532
6352.04 0.991832
6352.68 0.998879
6353.33 1.00479
6353.98 1.00899
6354.63 1.01135
6355.28 1.0122
6355.93 1.01223
6356.58 1.01223
6357.23 1.01275
6357.88 1.01392
6358.53 1.01546
6359.18 1.01675
6359.83 1.01716
6360.48 1.01625
6361.13 1.01399
6361.78 1.01074
6362.43 1.00721
6363.08 1.00429
6363.73 1.00285
6364.38 1.00355
6365.03 1.00666
6365.68 1.01193
6366.33 1.01863
6366.98 1.02562
6367.63 1.03158
6368.28 1.03527
6368.93 1.03572
6369.58 1.03242
6370.22 1.02535
6370.87 1.01491
6371.52 1.00187
6372.17 0.987264
6372.82 0.972211
6373.47 0.957828
6374.12 0.945067
6374.77 0.934611
6375.42 0.926764
6376.07 0.921444
6376.72 0.918185
6377.37 0.916263
6378.02 0.914824
6378.67 0.913069
6379.32 0.910417
6379.97 0.906584
6380.62 0.901597
6381.27 0.895718
6381.92 0.88937
6382.57 0.883108
6383.22 0.877603
6383.87 0.873669
6384.52 0.872188
6385.17 0.874012
6385.82 0.879787
6386.47 0.889789
6387.12 0.90379
6387.77 0.921127
6388.41 0.940791
6389.06 0.9616
6389.71 0.98237
6390.36 1.00198
6391.01 1.01944
6391.66 1.03391
6392.31 1.04475
6392.96 1.05161
6393.61 1.05446
6394.26 1.05367
6394.91 1.04996
6395.56 1.04426
6396.21 1.03753
6396.86 1.0307
6397.51 1.0245
6398.16 1.01951
6398.81 1.01612
6399.46 1.01455
6400.11 1.01482
6400.76 1.01671
6401.41 1.01983
6402.06 1.02364
6402.71 1.02759
6403.36 1.03112
6404.01 1.03375
6404.66 1.03502
6405.3 1.03458
6405.95 1.03222
6406.6 1.028
6407.25 1.02232
6407.9 1.01592
6408.55 1.00971
6409.2 1.00447
6409.85 1.00058
6410.5 0.997823
6411.15 0.9953
6411.8 0.991689
6412.45 0.985603
6413.1 0.976052
6413.75 0.962891
6414.4 0.947022
6415.05 0.930348
6415.7 0.915421
6416.35 0.904844
6417.0 0.900656
6417.65 0.90376
6418.3 0.913708
6418.95 0.928792
6419.6 0.946474
6420.25 0.963978
6420.9 0.97894
6421.55 0.989824
6422.2 0.99611
6422.85 0.998166
6423.5 0.996934
6424.14 0.993566
6424.79 0.989177
6425.44 0.984704
6426.09 0.980952
6426.74 0.978638
6427.39 0.978391
6428.04 0.980664
6428.69 0.985594
6429.34 0.992873
6429.99 1.00173
6430.64 1.01104
6431.29 1.01954
6431.94 1.02612
6432.59 1.03006
6433.24 1.03114
6433.89 1.02962
6434.54 1.02616
6435.19 1.02158
6435.84 1.01663
6436.49 1.01177
6437.14 1.00709
6437.79 1.00228
6438.44 0.996837
6439.09 0.99024
6439.74 0.982219
6440.39 0.972842
6441.03 0.962539
6441.68 0.952002
6442.33 0.941978
6442.98 0.9331
6443.63 0.925807
6444.28 0.920309
6444.93 0.916664
6445.58 0.914855
6446.23 0.914844
6446.88 0.916646
6447.53 0.920202
6448.18 0.925347
6448.83 0.931686
6449.48 0.938539
6450.13 0.944996
6450.78 0.950125
6451.43 0.953209
6452.08 0.95402
6452.73 0.952894
6453.38 0.950625
6454.03 0.948176
6454.68 0.946312
6455.33 0.945309
6455.98 0.94493
6456.63 0.944633
6457.28 0.943894
6457.93 0.942527
6458.58 0.940869
6459.22 0.939648
6459.87 0.939765
6460.52 0.941926
6461.17 0.946389
6461.82 0.952882
6462.47 0.96067
6463.12 0.968748
6463.77 0.976146
6464.42 0.98213
6465.07 0.986338
6465.72 0.988805
6466.37 0.989846
6467.02 0.989898
6467.67 0.989376
6468.32 0.98854
6468.97 0.987513
6469.62 0.986296
6470.27 0.984893
6470.92 0.983353
6471.57 0.981729
6472.22 0.98002
6472.87 0.978017
6473.52 0.975239
6474.17 0.970964
6474.82 0.964411
6475.47 0.955067
6476.12 0.942989
6476.76 0.929008
6477.41 0.914699
6478.06 0.902047
6478.71 0.893006
6479.36 0.888971
6480.01 0.890446
6480.66 0.896997
6481.31 0.907458
6481.96 0.92037
6482.61 0.934336
6483.26 0.948299
6483.91 0.961556
6484.56 0.973616
6485.21 0.98398
6485.86 0.992032
6486.51 0.997048
6487.16 0.998384
6487.81 0.995699
6488.46 0.989155
6489.11 0.979493
6489.76 0.967925
6490.41 0.955939
6491.06 0.944983
6491.71 0.936208
6492.36 0.930301
6493.01 0.927434
6493.66 0.92735
6494.31 0.929524
6494.95 0.933333
6495.6 0.938232
6496.25 0.943891
6496.9 0.950192
6497.55 0.957277
6498.2 0.965493
6498.85 0.975311
6499.5 0.987184
6500.15 1.00138
6500.8 1.01783
6501.45 1.03594
6502.1 1.05464
6502.75 1.07245
6503.4 1.08776
6504.05 1.09916
6504.7 1.10575
6505.35 1.10737
6506.0 1.10469
6506.65 1.09901
6507.3 1.092
6507.95 1.08527
6508.6 1.08001
6509.25 1.07673
6509.9 1.07521
6510.55 1.07454
6511.2 1.07351
6511.85 1.07091
6512.49 1.06594
6513.14 1.05843
6513.79 1.04889
6514.44 1.03837
6515.09 1.02817
6515.74 1.01947
6516.39 1.01301
6517.04 1.00885
6517.69 1.00642
6518.34 1.00469
6518.99 1.00251
6519.64 0.998993
6520.29 0.993795
6520.94 0.987317
6521.59 0.980575
6522.24 0.974931
6522.89 0.971737
6523.54 0.971898
6524.19 0.975604
6524.84 0.982209
6525.49 0.990344
6526.14 0.998211
6526.79 1.00397
6527.44 1.00615
6528.09 1.00395
6528.74 0.997399
6529.39 0.987236
6530.04 0.974756
6530.68 0.961529
6531.33 0.949199
6531.98 0.939374
6532.63 0.933519
6533.28 0.932859
6533.93 0.938192
6534.58 0.949665
6535.23 0.966608
6535.88 0.987539
6536.53 1.01041
6537.18 1.03305
6537.83 1.05353
6538.48 1.07058
6539.13 1.08356
6539.78 1.09227
6540.43 1.09662
6541.08 1.09642
6541.73 1.09136
6542.38 1.08115
6543.03 1.06584
6543.68 1.04608
6544.33 1.0232
6544.98 0.998996
6545.63 0.975386
6546.28 0.953984
6546.93 0.935775
6547.58 0.920994
6548.22 0.909265
6548.87 0.899888
6549.52 0.892059
6550.17 0.88508
6550.82 0.878443
6551.47 0.871664
6552.12 0.864198
6552.77 0.855356
6553.42 0.844258
6554.07 0.829871
6554.72 0.811067
6555.37 0.786744
6556.02 0.756115
6556.67 0.719111
6557.32 0.676883
6557.97 0.632228
6558.62 0.589652
6559.27 0.554871
6559.92 0.533773
6560.57 0.530989
6561.22 0.548618
6561.87 0.585512
6562.52 0.637446
6563.17 0.698116
6563.82 0.760649
6564.47 0.818997
6565.12 0.868908
6565.77 0.90826
6566.41 0.936822
6567.06 0.955714
6567.71 0.966859
6568.36 0.972503
6569.01 0.97488
6569.66 0.976002
6570.31 0.977398
6570.96 0.980024
6571.61 0.984164
6572.26 0.989446
6572.91 0.995039
6573.56 0.999824
6574.21 1.00248
6574.86 1.00161
6575.51 0.995811
6576.16 0.983803
6576.81 0.96474
6577.46 0.938537
6578.11 0.906277
6578.76 0.870378
6579.41 0.834451
6580.06 0.802742
6580.71 0.779291
6581.36 0.767023
6582.01 0.767139
6582.66 0.778893
6583.31 0.799919
6583.95 0.826848
6584.6 0.856093
6585.25 0.884463
6585.9 0.909589
6586.55 0.930076
6587.2 0.945489
6587.85 0.956204
6588.5 0.963216
6589.15 0.967822
6589.8 0.971366
6590.45 0.974995
6591.1 0.979496
6591.75 0.985322
6592.4 0.992594
6593.05 1.00117
6593.7 1.01064
6594.35 1.02034
6595.0 1.02928
6595.65 1.03634
6596.3 1.04043
6596.95 1.04083
6597.6 1.03737
6598.25 1.03051
6598.9 1.02115
6599.55 1.01048
6600.2 0.999616
6600.85 0.989435
6601.5 0.980496
6602.14 0.973097
6602.79 0.967362
6603.44 0.963352
6604.09 0.961086
6604.74 0.96053
6605.39 0.961572
6606.04 0.963963
6606.69 0.967373
6607.34 0.971452
6607.99 0.97594
6608.64 0.980766
6609.29 0.986061
6609.94 0.992079
6610.59 0.999108
6611.24 1.00728
6611.89 1.0165
6612.54 1.02643
6613.19 1.03647
6613.84 1.04587
6614.49 1.0538
6615.14 1.05945
6615.79 1.06214
6616.44 1.06145
6617.09 1.05738
6617.74 1.05034
6618.39 1.04115
6619.04 1.03087
6619.68 1.02058
6620.33 1.01119
6620.98 1.00329
6621.63 0.99715
6622.28 0.992866
6622.93 0.990472
6623.58 0.990026
6624.23 0.991629
6624.88 0.995355
6625.53 1.00115
6626.18 1.00875
6626.83 1.01767
6627.48 1.02724
6628.13 1.03672
6628.78 1.04542
6629.43 1.05288
6630.08 1.05883
6630.73 1.06325
6631.38 1.06625
6632.03 1.06801
6632.68 1.06871
6633.33 1.06853
6633.98 1.06766
6634.63 1.06637
6635.28 1.06496
6635.93 1.06379
6636.58 1.06313
6637.23 1.06313
6637.87 1.0638
6638.52 1.06498
6639.17 1.06636
6639.82 1.06757
6640.47 1.06817
6641.12 1.06771
6641.77 1.06584
6642.42 1.06238
6643.07 1.05747
6643.72 1.05154
6644.37 1.04529
6645.02 1.03956
6645.67 1.03517
6646.32 1.03279
6646.97 1.0329
6647.62 1.03572
6648.27 1.04121
6648.92 1.0491
6649.57 1.05884
6650.22 1.06966
6650.87 1.08065
6651.52 1.09096
6652.17 1.09996
6652.82 1.10745
6653.47 1.11368
6654.12 1.11932
6654.77 1.12517
6655.41 1.13201
6656.06 1.14022
6656.71 1.14971
6657.36 1.15994
6658.01 1.16999
6658.66 1.17884
6659.31 1.18561
6659.96 1.18974
6660.61 1.19106
6661.26 1.18972
6661.91 1.18603
6662.56 1.1803
6663.21 1.17277
6663.86 1.16365
6664.51 1.15336
6665.16 1.14267
6665.81 1.13279
6666.46 1.12516
6667.11 1.12113
6667.76 1.12144
6668.41 1.1259
6669.06 1.1333
6669.71 1.14165
6670.36 1.1487
6671.01 1.15256
6671.66 1.15217
6672.31 1.14756
6672.96 1.13972
6673.6 1.13022
6674.25 1.12066
6674.9 1.11215
6675.55 1.10508
6676.2 1.09914
6676.85 1.09367
6677.5 1.0881
6678.15 1.08241
6678.8 1.07726
6679.45 1.07391
6680.1 1.07384
6680.75 1.07832
6681.4 1.08794
6682.05 1.10245
6682.7 1.12073
6683.35 1.14099
6684.0 1.16108
6684.65 1.17891
6685.3 1.1928
6685.95 1.20168
6686.6 1.20527
6687.25 1.20397
6687.9 1.19868
6688.55 1.19055
6689.2 1.18075
6689.85 1.17032
6690.5 1.16011
6691.14 1.15082
6691.79 1.14296
6692.44 1.1368
6693.09 1.13224
6693.74 1.1287
6694.39 1.12516
6695.04 1.12043
6695.69 1.11357
6696.34 1.10434
6696.99 1.09345
6697.64 1.0825
6698.29 1.07357
6698.94 1.0686
6699.59 1.06876
6700.24 1.07415
6700.89 1.08382
6701.54 1.0961
6702.19 1.10916
6702.84 1.12149
6703.49 1.13218
6704.14 1.1409
6704.79 1.1478
6705.44 1.15317
6706.09 1.15732
6706.74 1.16048
6707.39 1.16279
6708.03 1.16429
6708.69 1.16488
6709.33 1.16429
6709.98 1.16208
6710.63 1.15767
6711.28 1.15065
6711.93 1.14102
6712.58 1.12934
6713.23 1.11677
6713.88 1.10476
6714.53 1.09472
6715.18 1.08757
6715.83 1.08359
6716.48 1.08239
6717.13 1.08322
6717.78 1.08517
6718.43 1.08752
6719.08 1.08985
6719.73 1.09208
6720.38 1.09434
6721.03 1.09701
6721.68 1.10043
6722.33 1.10491
6722.98 1.1105
6723.63 1.11689
6724.28 1.12338
6724.93 1.12898
6725.58 1.13266
6726.23 1.13375
6726.87 1.13224
6727.52 1.12891
6728.17 1.12524
6728.82 1.12301
6729.47 1.12391
6730.12 1.12892
6730.77 1.13813
6731.42 1.15066
6732.07 1.16484
6732.72 1.17865
6733.37 1.19007
6734.02 1.19756
6734.67 1.20031
6735.32 1.19839
6735.97 1.19271
6736.62 1.18485
6737.27 1.17677
6737.92 1.17038
6738.57 1.16719
6739.22 1.16799
6739.87 1.17275
6740.52 1.18059
6741.17 1.19006
6741.82 1.19939
6742.47 1.20679
6743.12 1.21084
6743.76 1.2107
6744.42 1.20618
6745.06 1.19785
6745.71 1.18681
6746.36 1.17456
6747.01 1.16263
6747.66 1.15244
6748.31 1.14499
6748.96 1.14074
6749.61 1.13959
6750.26 1.14092
6750.91 1.14374
6751.56 1.14701
6752.21 1.1497
6752.86 1.15111
6753.51 1.15079
6754.16 1.14852
6754.81 1.14425
6755.46 1.13802
6756.11 1.12999
6756.76 1.12053
6757.41 1.11025
6758.06 1.10007
6758.71 1.09108
6759.36 1.08448
6760.01 1.08132
6760.66 1.08236
6761.31 1.08785
6761.95 1.09752
6762.6 1.11053
6763.25 1.12563
6763.9 1.14137
6764.55 1.15637
6765.2 1.16956
6765.85 1.1804
6766.5 1.18885
6767.15 1.19521
6767.8 1.19988
6768.45 1.20318
6769.1 1.2051
6769.75 1.20544
6770.4 1.20389
6771.05 1.20029
6771.7 1.19484
6772.35 1.1882
6773.0 1.1814
6773.65 1.17564
6774.3 1.17199
6774.95 1.17111
6775.6 1.17306
6776.25 1.17727
6776.9 1.18274
6777.55 1.18829
6778.2 1.1929
6778.85 1.19593
6779.49 1.19726
6780.15 1.19713
6780.79 1.19594
6781.44 1.194
6782.09 1.19136
6782.74 1.18784
6783.39 1.18321
6784.04 1.17744
6784.69 1.17093
6785.34 1.16459
6785.99 1.15956
6786.64 1.15694
6787.29 1.15734
6787.94 1.16069
6788.59 1.16626
6789.24 1.17292
6789.89 1.1795
6790.54 1.18515
6791.19 1.18941
6791.84 1.19221
6792.49 1.19361
6793.14 1.19363
6793.79 1.19227
6794.44 1.1895
6795.09 1.18543
6795.74 1.18036
6796.39 1.17485
6797.04 1.16961
6797.68 1.16531
6798.33 1.16256
6798.98 1.16173
6799.63 1.16301
6800.28 1.16644
6800.93 1.17192
6801.58 1.17929
6802.23 1.18823
6802.88 1.1982
6803.53 1.20835
6804.18 1.21762
6804.83 1.22486
6805.48 1.22911
6806.13 1.22989
6806.78 1.22735
6807.43 1.22226
6808.08 1.21579
6808.73 1.20918
6809.38 1.20342
6810.03 1.199
6810.68 1.19587
6811.33 1.19357
6811.98 1.19136
6812.63 1.18852
6813.28 1.18455
6813.93 1.17939
6814.58 1.17339
6815.22 1.16737
6815.88 1.16234
6816.52 1.15934
6817.17 1.15914
6817.82 1.16202
6818.47 1.16763
6819.12 1.17494
6819.77 1.18236
6820.42 1.18794
6821.07 1.18971
6821.72 1.18606
6822.37 1.17606
6823.02 1.15971
6823.67 1.13797
6824.32 1.11261
6824.97 1.08595
6825.62 1.06046
6826.27 1.03842
6826.92 1.02158
6827.57 1.01106
6828.22 1.00724
6828.87 1.00983
6829.52 1.01791
6830.17 1.03008
6830.82 1.04455
6831.47 1.05943
6832.12 1.07289
6832.77 1.08348
6833.41 1.09042
6834.06 1.0937
6834.71 1.0941
6835.36 1.09304
6836.01 1.09222
6836.66 1.09319
6837.31 1.0971
6837.96 1.1044
6838.61 1.11488
6839.26 1.12775
6839.91 1.14187
6840.56 1.15599
6841.21 1.16905
6841.86 1.18036
6842.51 1.18969
6843.16 1.19725
6843.81 1.20359
6844.46 1.20928
6845.11 1.21477
6845.76 1.22017
6846.41 1.22523
6847.06 1.22944
6847.71 1.23222
6848.36 1.23301
6849.01 1.23146
6849.66 1.22738
6850.31 1.2208
6850.95 1.21191
6851.6 1.20111
6852.25 1.18908
6852.9 1.1768
6853.55 1.16554
6854.2 1.15673
6854.85 1.1517
6855.5 1.15136
6856.15 1.1559
6856.8 1.16453
6857.45 1.17546
6858.1 1.18611
6858.75 1.19355
6859.4 1.19507
6860.05 1.18887
6860.7 1.17451
6861.35 1.153
6862.0 1.12654
6862.65 1.0979
6863.3 1.06954
6863.95 1.04306
6864.6 1.01892
6865.25 0.996619
6865.9 0.975303
6866.55 0.954404
6867.2 0.934081
6867.85 0.915318
6868.5 0.899627
6869.14 0.888583
6869.79 0.883353
6870.44 0.884364
6871.09 0.891229
6871.74 0.902905
6872.39 0.917921
6873.04 0.93473
6873.69 0.951963
6874.34 0.968681
6874.99 0.984467
6875.64 0.999444
6876.29 1.01415
6876.94 1.02923
6877.59 1.04512
6878.24 1.06176
6878.89 1.07847
6879.54 1.09396
6880.19 1.10664
6880.84 1.11506
6881.49 1.1183
6882.14 1.11625
6882.79 1.10967
6883.44 1.09995
6884.09 1.08876
6884.74 1.07762
6885.39 1.06761
6886.04 1.0592
6886.68 1.05238
6887.33 1.04683
6887.98 1.04217
6888.63 1.03818
6889.28 1.03483
6889.93 1.0323
6890.58 1.03084
6891.23 1.03066
6891.88 1.0319
6892.53 1.03454
6893.18 1.03849
6893.83 1.04364
6894.48 1.04997
6895.13 1.05751
6895.78 1.0664
6896.43 1.07676
6897.08 1.08851
6897.73 1.10129
6898.38 1.11438
6899.03 1.12675
6899.68 1.13721
6900.33 1.14461
6900.98 1.1481
6901.63 1.14736
6902.28 1.14267
6902.93 1.13487
6903.58 1.12517
6904.23 1.11498
6904.87 1.10555
6905.52 1.09795
6906.17 1.09296
6906.82 1.09115
6907.47 1.09302
6908.12 1.09888
6908.77 1.10881
6909.42 1.12245
6910.07 1.13886
6910.72 1.15657
6911.37 1.17373
6912.02 1.18852
6912.67 1.19948
6913.32 1.20579
6913.97 1.20732
6914.62 1.20458
6915.27 1.19844
6915.92 1.18984
6916.57 1.17965
6917.22 1.16854
6917.87 1.15706
6918.52 1.14575
6919.17 1.13527
6919.82 1.12646
6920.47 1.12027
6921.12 1.11754
6921.77 1.11874
6922.41 1.12378
6923.06 1.13186
6923.71 1.14158
6924.36 1.15128
6925.01 1.15946
6925.66 1.16512
6926.31 1.16812
6926.96 1.16912
6927.61 1.16938
6928.26 1.17035
6928.91 1.17324
6929.56 1.17871
6930.21 1.18668
6930.86 1.1964
6931.51 1.20662
6932.16 1.21584
6932.81 1.22257
6933.46 1.22551
6934.11 1.22381
6934.76 1.21717
6935.41 1.20596
6936.06 1.19126
6936.71 1.17477
6937.36 1.15865
6938.01 1.14515
6938.66 1.13626
6939.31 1.13328
6939.96 1.13647
6940.6 1.14496
6941.25 1.15679
6941.9 1.16927
6942.55 1.17946
6943.2 1.18477
6943.85 1.18344
6944.5 1.17489
6945.15 1.15979
6945.8 1.14
6946.45 1.11818
6947.1 1.09737
6947.75 1.08048
6948.4 1.06973
6949.05 1.06632
6949.7 1.07039
6950.35 1.08107
6951.0 1.09687
6951.65 1.11606
6952.3 1.13693
6952.95 1.15789
6953.6 1.17745
6954.25 1.19421
6954.9 1.20692
6955.55 1.21466
6956.2 1.21716
6956.85 1.21488
6957.5 1.20896
6958.14 1.20095
6958.79 1.19237
6959.44 1.18435
6960.09 1.17742
6960.74 1.1716
6961.39 1.16653
6962.04 1.16182
6962.69 1.15725
6963.34 1.15296
6963.99 1.1494
6964.64 1.14708
6965.29 1.14642
6965.94 1.14747
6966.59 1.14982
6967.24 1.1527
6967.89 1.15519
6968.54 1.15655
6969.19 1.15646
6969.84 1.15519
6970.49 1.15349
6971.14 1.1524
6971.79 1.15286
6972.44 1.1555
6973.09 1.16042
6973.74 1.1672
6974.39 1.17505
6975.04 1.18303
6975.69 1.19026
6976.33 1.19614
6976.98 1.20042
6977.63 1.2032
6978.28 1.20482
6978.93 1.20571
6979.58 1.20625
6980.23 1.20667
6980.88 1.20702
6981.53 1.20722
6982.18 1.2071
6982.83 1.2065
6983.48 1.20529
6984.13 1.20341
6984.78 1.20086
6985.43 1.19762
6986.08 1.19369
6986.73 1.18902
6987.38 1.18352
6988.03 1.1771
6988.68 1.16972
6989.33 1.16153
6989.98 1.15291
6990.63 1.14447
6991.28 1.13703
6991.93 1.1314
6992.58 1.12823
6993.23 1.12783
6993.87 1.13003
6994.52 1.13426
6995.17 1.13958
6995.82 1.1449
6996.47 1.14924
6997.12 1.15182
6997.77 1.15234
6998.42 1.15092
6999.07 1.14822
6999.72 1.1453
7000.37 1.14348
7001.02 1.14401
7001.67 1.14774
7002.32 1.15478
7002.97 1.16427
7003.62 1.17436
7004.27 1.1826
7004.92 1.18641
7005.57 1.18376
7006.22 1.17368
7006.87 1.15656
7007.52 1.13413
7008.17 1.10911
7008.82 1.08469
7009.47 1.06391
7010.12 1.04919
7010.77 1.04191
7011.42 1.04231
7012.06 1.04954
7012.71 1.06194
7013.36 1.07741
7014.01 1.09379
7014.66 1.10918
7015.31 1.12216
7015.96 1.13179
7016.61 1.13764
7017.26 1.13973
7017.91 1.13841
7018.56 1.13445
7019.21 1.12897
7019.86 1.12341
7020.51 1.11939
7021.16 1.11845
7021.81 1.1217
7022.46 1.12953
7023.11 1.14133
7023.76 1.15551
7024.41 1.16977
7025.06 1.18158
7025.71 1.18877
7026.36 1.19003
7027.01 1.18521
7027.66 1.17531
7028.31 1.16216
7028.96 1.14795
7029.6 1.13471
7030.25 1.12395
7030.9 1.11644
7031.55 1.11225
7032.2 1.11084
7032.85 1.11132
7033.5 1.11272
7034.15 1.11412
7034.8 1.11483
7035.45 1.11451
7036.1 1.11313
7036.75 1.11096
7037.4 1.10846
7038.05 1.10616
7038.7 1.1045
7039.35 1.10375
7040.0 1.10397
7040.65 1.10507
7041.3 1.10685
7041.95 1.1091
7042.6 1.11158
7043.25 1.11402
7043.9 1.11599
7044.55 1.11693
7045.2 1.11607
7045.85 1.11263
7046.5 1.10607
7047.15 1.09635
7047.79 1.08409
7048.44 1.07056
7049.09 1.05737
7049.74 1.04606
7050.39 1.03764
7051.04 1.03231
7051.69 1.02937
7052.34 1.02759
7052.99 1.02557
7053.64 1.02222
7054.29 1.01705
7054.94 1.01021
7055.59 1.0023
7056.24 0.994099
7056.89 0.986312
7057.54 0.979429
7058.19 0.973784
7058.84 0.969618
7059.49 0.96722
7060.14 0.966924
7060.79 0.969041
7061.44 0.973688
7062.09 0.980629
7062.74 0.989229
7063.39 0.998516
7064.04 1.00741
7064.69 1.01498
7065.33 1.02065
7065.98 1.02432
7066.63 1.02632
7067.28 1.02725
7067.93 1.0277
7068.58 1.02813
7069.23 1.02876
7069.88 1.0296
7070.53 1.03057
7071.18 1.03164
7071.83 1.03285
7072.48 1.0343
7073.13 1.03614
7073.78 1.03845
7074.43 1.04123
7075.08 1.04448
7075.73 1.04833
7076.38 1.05312
7077.03 1.05943
7077.68 1.068
7078.33 1.07934
7078.98 1.09353
7079.63 1.10975
7080.28 1.12633
7080.93 1.14087
7081.58 1.15078
7082.23 1.15395
7082.88 1.14937
7083.52 1.13747
7084.17 1.11999
7084.82 1.09953
7085.47 1.0789
7086.12 1.06039
7086.77 1.04543
7087.42 1.03444
7088.07 1.0271
7088.72 1.02266
7089.37 1.02029
7090.02 1.01928
7090.67 1.01908
7091.32 1.0193
7091.97 1.01961
7092.62 1.01975
7093.27 1.01951
7093.92 1.01876
7094.57 1.01743
7095.22 1.01548
7095.87 1.01295
7096.52 1.00994
7097.17 1.00666
7097.82 1.00345
7098.47 1.0008
7099.12 0.999277
7099.77 0.999388
7100.41 1.00148
7101.06 1.00564
7101.71 1.01168
7102.36 1.01914
7103.01 1.02734
7103.66 1.03549
7104.31 1.04276
7104.96 1.04836
7105.61 1.05167
7106.26 1.05227
7106.91 1.05007
7107.56 1.04528
7108.21 1.03844
7108.86 1.03031
7109.51 1.02178
7110.16 1.0137
7110.81 1.00673
7111.46 1.0013
7112.11 0.997539
7112.76 0.995331
7113.41 0.994447
7114.06 0.994616
7114.71 0.995635
7115.36 0.997367
7116.01 0.99972
7116.66 1.00257
7117.31 1.00573
7117.96 1.00892
7118.6 1.01182
7119.25 1.01418
7119.9 1.01582
7120.55 1.01673
7121.2 1.01701
7121.85 1.01674
7122.5 1.016
7123.15 1.01474
7123.8 1.01284
7124.45 1.01015
7125.1 1.00662
7125.75 1.00229
7126.4 0.997371
7127.05 0.992158
7127.7 0.986928
7128.35 0.981814
7129.0 0.976717
7129.65 0.971303
7130.3 0.965048
7130.95 0.957446
7131.6 0.94818
7132.25 0.937313
7132.9 0.92538
7133.55 0.91337
7134.2 0.90255
7134.85 0.894265
7135.5 0.889698
7136.14 0.889655
7136.79 0.894421
7137.44 0.903656
7138.09 0.916423
7138.74 0.931253
7139.39 0.946365
7140.04 0.959915
7140.69 0.970308
7141.34 0.976445
7141.99 0.977916
7142.64 0.97508
7143.29 0.968985
7143.94 0.961182
7144.59 0.953471
7145.24 0.947596
7145.89 0.944974
7146.54 0.946454
7147.19 0.95223
7147.84 0.961814
7148.49 0.974187
7149.14 0.987943
7149.79 1.0015
7150.44 1.01328
7151.09 1.02188
7151.74 1.02624
7152.39 1.0257
7153.04 1.02017
7153.69 1.01016
7154.33 0.996712
7154.98 0.981289
7155.63 0.965549
7156.28 0.951097
7156.93 0.939272
7157.58 0.93102
7158.23 0.926801
7158.88 0.926575
7159.53 0.929786
7160.18 0.935449
7160.83 0.942224
7161.48 0.948685
7162.13 0.953636
7162.78 0.956423
7163.43 0.957164
7164.08 0.956757
7164.73 0.956643
7165.38 0.95838
7166.03 0.963113
7166.68 0.971201
7167.33 0.982093
7167.98 0.994452
7168.63 1.00651
7169.28 1.01653
7169.93 1.02317
7170.58 1.02571
7171.23 1.02413
7171.87 1.01901
7172.52 1.01143
7173.17 1.00276
7173.82 0.99445
7174.47 0.987858
7175.12 0.983984
7175.77 0.983318
7176.42 0.985716
7177.07 0.990448
7177.72 0.996351
7178.37 1.00208
7179.02 1.00636
7179.67 1.00828
7180.32 1.00738
7180.97 1.0037
7181.62 0.997721
7182.27 0.990184
7182.92 0.981928
7183.57 0.973732
7184.22 0.966249
7184.87 0.959978
7185.52 0.955268
7186.17 0.952351
7186.82 0.951305
7187.47 0.952035
7188.12 0.954221
7188.77 0.95736
7189.42 0.960879
7190.06 0.964261
7190.71 0.967181
7191.36 0.969527
7192.01 0.971306
7192.66 0.97247
7193.31 0.972798
7193.96 0.971828
7194.61 0.968997
7195.26 0.96382
7195.91 0.95617
7196.56 0.946398
7197.21 0.935329
7197.86 0.924066
7198.51 0.913741
7199.16 0.905263
7199.81 0.899191
7200.46 0.895715
7201.11 0.894764
7201.76 0.896145
7202.41 0.899616
7203.06 0.904949
7203.71 0.911855
7204.36 0.919946
7205.01 0.928675
7205.66 0.93732
7206.31 0.945045
7206.96 0.95103
7207.6 0.9546
7208.25 0.955394
7208.9 0.953458
7209.55 0.949264
7210.2 0.943597
7210.85 0.937378
7211.5 0.93147
7212.15 0.926513
7212.8 0.922859
7213.45 0.92061
7214.1 0.919721
7214.75 0.920086
7215.4 0.921638
7216.05 0.924291
7216.7 0.927883
7217.35 0.932072
7218.0 0.936322
7218.65 0.939936
7219.3 0.942261
7219.95 0.942879
7220.6 0.941785
7221.25 0.939469
7221.9 0.936801
7222.55 0.934818
7223.2 0.934469
7223.85 0.93639
7224.5 0.940768
7225.15 0.947349
7225.79 0.955508
7226.44 0.964345
7227.09 0.972853
7227.74 0.980025
7228.39 0.984997
7229.04 0.987176
7229.69 0.986308
7230.34 0.982549
7230.99 0.976446
7231.64 0.968782
7232.29 0.960346
7232.94 0.951643
7233.59 0.942582
7234.24 0.932374
7234.89 0.919577
7235.54 0.9025
7236.19 0.879828
7236.84 0.8513
7237.49 0.818231
7238.14 0.783601
7238.79 0.751643
7239.44 0.726971
7240.09 0.713481
7240.74 0.713385
7241.39 0.72675
7242.04 0.751604
7242.69 0.784599
7243.33 0.821956
7243.98 0.860345
7244.63 0.897369
7245.28 0.93169
7245.93 0.962748
7246.58 0.990339
7247.23 1.0142
7247.88 1.0338
7248.53 1.0483
7249.18 1.05677
7249.83 1.05858
7250.48 1.05366
7251.13 1.04281
7251.78 1.02772
7252.43 1.01069
7253.08 0.994314
7253.73 0.980895
7254.38 0.972058
7255.03 0.968507
7255.68 0.970003
7256.33 0.975595
7256.98 0.983837
7257.63 0.993112
7258.28 1.00185
7258.93 1.00874
7259.58 1.01286
7260.23 1.01379
7260.88 1.01161
7261.52 1.00691
7262.17 1.00066
7262.82 0.994053
7263.47 0.988313
7264.12 0.984536
7264.77 0.983491
7265.42 0.985501
7266.07 0.990345
7266.72 0.99728
7267.37 1.00515
7268.02 1.01257
7268.67 1.01825
7269.32 1.02122
7269.97 1.02108
7270.62 1.01805
7271.27 1.01285
7271.92 1.00652
7272.57 1.0001
7273.22 0.994405
7273.87 0.989834
7274.52 0.986437
7275.17 0.984112
7275.82 0.982802
7276.47 0.982723
7277.12 0.984389
7277.77 0.98847
7278.42 0.995523
7279.06 1.00568
7279.71 1.0184
7280.36 1.03247
7281.01 1.04605
7281.66 1.05698
7282.31 1.06321
7282.96 1.06316
7283.61 1.05615
7284.26 1.04249
7284.91 1.02354
7285.56 1.00143
7286.21 0.978638
7286.86 0.957611
7287.51 0.94039
7288.16 0.928363
7288.81 0.922178
7289.46 0.921731
7290.11 0.926219
7290.76 0.934264
7291.41 0.944129
7292.06 0.954019
7292.71 0.962465
7293.36 0.968584
7294.01 0.972248
7294.66 0.974012
7295.31 0.974885
7295.96 0.975988
7296.6 0.97819
7297.25 0.982
7297.9 0.987483
7298.55 0.994392
7299.2 1.00231
7299.85 1.01077
7300.5 1.01934
7301.15 1.02761
7301.8 1.03507
7302.45 1.04117
7303.1 1.04534
7303.75 1.04707
7304.4 1.04605
7305.05 1.04229
7305.7 1.03615
7306.35 1.02828
7307.0 1.01944
7307.65 1.01038
7308.3 1.00159
7308.95 0.993237
7309.6 0.985085
7310.25 0.976529
7310.9 0.96672
7311.55 0.954761
7312.2 0.940011
7312.85 0.922415
7313.5 0.902741
7314.15 0.882655
7314.79 0.864534
7315.44 0.850986
7316.09 0.844202
7316.74 0.845361
7317.39 0.854261
7318.04 0.869379
7318.69 0.888277
7319.34 0.908334
7319.99 0.927358
7320.64 0.944018
7321.29 0.957864
7321.94 0.96903
7322.59 0.977792
7323.24 0.984181
7323.89 0.987842
7324.54 0.988174
7325.19 0.984702
7325.84 0.977494
7326.49 0.967462
7327.14 0.956395
7327.79 0.94667
7328.44 0.9408
7329.09 0.940735
7329.74 0.947426
7330.39 0.960556
7331.04 0.978567
7331.69 0.999054
7332.33 1.01927
7332.98 1.03663
7333.63 1.0491
7334.28 1.05549
7334.93 1.05557
7335.58 1.05008
7336.23 1.04064
7336.88 1.02949
7337.53 1.01912
7338.18 1.01172
7338.83 1.00874
7339.48 1.0105
7340.13 1.01622
7340.78 1.02433
7341.43 1.03297
7342.08 1.04056
7342.73 1.04607
7343.38 1.04911
7344.03 1.04966
7344.68 1.04786
7345.33 1.04381
7345.98 1.03754
7346.63 1.02918
7347.28 1.01906
7347.93 1.00777
7348.58 0.996091
7349.23 0.984881
7349.88 0.974931
7350.52 0.96689
7351.17 0.961183
7351.82 0.95793
7352.47 0.956918
7353.12 0.957483
7353.77 0.958607
7354.42 0.959188
7355.07 0.958331
7355.72 0.955738
7356.37 0.951862
7357.02 0.94784
7357.67 0.945098
7358.32 0.944883
7358.97 0.947775
7359.62 0.953557
7360.27 0.961274
7360.92 0.969597
7361.57 0.977241
7362.22 0.983297
7362.87 0.987429
7363.52 0.98985
7364.17 0.991188
7364.82 0.99225
7365.47 0.993807
7366.12 0.996385
7366.77 1.00017
7367.42 1.00504
7368.06 1.01069
7368.71 1.0169
7369.36 1.02359
7370.01 1.03095
7370.66 1.0393
7371.31 1.04883
7371.96 1.05933
7372.61 1.07008
7373.26 1.07992
7373.91 1.08756
7374.56 1.09196
7375.21 1.0927
7375.86 1.09002
7376.51 1.08469
7377.16 1.07764
7377.81 1.06956
7378.46 1.06068
7379.11 1.05079
7379.76 1.03945
7380.41 1.02632
7381.06 1.01148
7381.71 0.995501
7382.36 0.979395
7383.01 0.964416
7383.66 0.951768
7384.31 0.94238
7384.96 0.936811
7385.6 0.935242
7386.25 0.937588
7386.9 0.943573
7387.55 0.952814
7388.2 0.964827
7388.85 0.978981
7389.5 0.99447
7390.15 1.01031
7390.8 1.02544
7391.45 1.03885
7392.1 1.04971
7392.75 1.05748
7393.4 1.06198
7394.05 1.06329
7394.7 1.06174
7395.35 1.05767
7396.0 1.05139
7396.65 1.04305
7397.3 1.03279
7397.95 1.02082
7398.6 1.00772
7399.25 0.994547
7399.9 0.982795
7400.55 0.974073
7401.2 0.969641
7401.85 0.969967
7402.5 0.974503
7403.14 0.981802
7403.79 0.989961
7404.44 0.997156
7405.09 1.00215
7405.74 1.0045
7406.39 1.00449
7407.04 1.00286
7407.69 1.00041
7408.34 0.997848
7408.99 0.9956
7409.64 0.993876
7410.29 0.992782
7410.94 0.992416
7411.59 0.992912
7412.24 0.994399
7412.89 0.996913
7413.54 1.00029
7414.19 1.00415
7414.84 1.00789
7415.49 1.01092
7416.14 1.01278
7416.79 1.01332
7417.44 1.01273
7418.09 1.0114
7418.74 1.00978
7419.39 1.00816
7420.04 1.00656
7420.69 1.0048
7421.33 1.00266
7421.98 1.00005
7422.63 0.997155
7423.28 0.994405
7423.93 0.992303
7424.58 0.991238
7425.23 0.99131
7425.88 0.992333
7426.53 0.993971
7427.18 0.995941
7427.83 0.9982
7428.48 1.00097
7429.13 1.00464
7429.78 1.00943
7430.43 1.01526
7431.08 1.02156
7431.73 1.0274
7432.38 1.03167
7433.03 1.03339
7433.68 1.03195
7434.33 1.02727
7434.98 1.01992
7435.63 1.01095
7436.28 1.00179
7436.93 0.993955
7437.58 0.988729
7438.23 0.986893
7438.87 0.988554
7439.52 0.993133
7440.17 0.999533
7440.82 1.00644
7441.47 1.01263
7442.12 1.01723
7442.77 1.01986
7443.42 1.0206
7444.07 1.0199
7444.72 1.01838
7445.37 1.01662
7446.02 1.01503
7446.67 1.0138
7447.32 1.01287
7447.97 1.01208
7448.62 1.01125
7449.27 1.01022
7449.92 1.0089
7450.57 1.00717
7451.22 1.00487
7451.87 1.00172
7452.52 0.997437
7453.17 0.991793
7453.82 0.984783
7454.47 0.97672
7455.12 0.968219
7455.77 0.960155
7456.42 0.953467
7457.06 0.948998
7457.71 0.947388
7458.36 0.949025
7459.01 0.954101
7459.66 0.962671
7460.31 0.974627
7460.96 0.989691
7461.61 1.0073
7462.26 1.02655
7462.91 1.04623
7463.56 1.0649
7464.21 1.08112
7464.86 1.09358
7465.51 1.10124
7466.16 1.10339
7466.81 1.09972
7467.46 1.09031
7468.11 1.07566
7468.76 1.05678
7469.41 1.03511
7470.06 1.01247
7470.71 0.99087
7471.36 0.97223
7472.01 0.958076
7472.66 0.94925
7473.31 0.94573
7473.96 0.946661
7474.6 0.950548
7475.25 0.955614
7475.9 0.960237
7476.55 0.963271
7477.2 0.964214
7477.85 0.963162
7478.5 0.960585
7479.15 0.957056
7479.8 0.953067
7480.45 0.948922
7481.1 0.944799
7481.75 0.940884
7482.4 0.937412
7483.05 0.934737
7483.7 0.933173
7484.35 0.932866
7485.0 0.933702
7485.65 0.935289
7486.3 0.937167
7486.95 0.939051
7487.6 0.941049
7488.25 0.943767
7488.9 0.948167
7489.55 0.955227
7490.2 0.9655
7490.85 0.97879
7491.5 0.994005
7492.15 1.00934
7492.79 1.02272
7493.44 1.03238
7494.09 1.03732
7494.74 1.03759
7495.39 1.03417
7496.04 1.02868
7496.69 1.02293
7497.34 1.01846
7497.99 1.01621
7498.64 1.01647
7499.29 1.0189
7499.94 1.02274
7500.59 1.02706
7501.24 1.03095
7501.89 1.0337
7502.54 1.03488
7503.19 1.03431
7503.84 1.03205
7504.49 1.02829
7505.14 1.02336
7505.79 1.0177
7506.44 1.01188
7507.09 1.0066
7507.74 1.00262
7508.39 1.00065
7509.04 1.00123
7509.69 1.0045
7510.33 1.01019
7510.98 1.01762
7511.63 1.02579
7512.28 1.0336
7512.93 1.03998
7513.58 1.04409
7514.23 1.04538
7514.88 1.04357
7515.53 1.03878
7516.18 1.03135
7516.83 1.02189
7517.48 1.01116
7518.13 1.0
7518.78 0.989321
7519.43 0.980065
7520.08 0.973149
7520.73 0.969369
7521.38 0.969248
7522.03 0.972824
7522.68 0.979507
7523.33 0.988103
7523.98 0.997024
7524.63 1.00468
7525.28 1.00988
7525.93 1.01212
7526.58 1.01163
7527.23 1.00924
7527.88 1.00605
7528.52 1.00316
7529.17 1.00148
7529.82 1.00157
7530.47 1.00374
7531.12 1.00802
7531.77 1.01425
7532.42 1.02206
7533.07 1.03091
7533.72 1.04012
7534.37 1.04898
7535.02 1.05674
7535.67 1.06288
7536.32 1.06709
7536.97 1.06936
7537.62 1.07005
7538.27 1.06974
7538.92 1.06915
7539.57 1.06894
7540.22 1.06951
7540.87 1.07087
7541.52 1.07262
7542.17 1.07398
7542.82 1.07395
7543.47 1.07151
7544.12 1.06584
7544.77 1.05654
7545.42 1.04375
7546.06 1.02828
7546.71 1.01151
7547.36 0.995303
7548.01 0.981726
7548.66 0.972704
7549.31 0.969641
7549.96 0.973122
7550.61 0.982725
7551.26 0.997072
7551.91 1.01408
7552.56 1.03141
7553.21 1.04687
7553.86 1.0588
7554.51 1.06626
7555.16 1.06899
7555.81 1.06724
7556.46 1.06158
7557.11 1.05274
7557.76 1.04157
7558.41 1.02905
7559.06 1.01639
7559.71 1.0049
7560.36 0.995887
7561.01 0.990391
7561.66 0.98896
7562.31 0.991516
7562.96 0.997382
7563.6 1.00542
7564.25 1.01431
7564.9 1.02274
7565.55 1.02955
7566.2 1.03387
7566.85 1.03512
7567.5 1.0331
7568.15 1.02806
7568.8 1.0207
7569.45 1.01219
7570.1 1.00397
7570.75 0.997512
7571.4 0.994018
7572.05 0.99412
7572.7 0.997728
7573.35 1.00405
7574.0 1.01178
7574.65 1.01947
7575.3 1.0258
7575.95 1.02983
7576.6 1.03112
7577.25 1.02961
7577.9 1.02555
7578.55 1.01933
7579.2 1.01143
7579.85 1.00237
7580.5 0.992649
7581.15 0.982812
7581.79 0.973355
7582.44 0.964733
7583.09 0.957362
7583.74 0.951609
7584.39 0.947848
7585.04 0.946415
7585.69 0.947517
7586.34 0.951103
7586.99 0.956695
7587.64 0.963237
7588.29 0.969123
7588.94 0.972314
7589.59 0.970595
7590.24 0.961977
7590.89 0.94505
7591.54 0.919356
7592.19 0.885537
7592.84 0.845254
7593.49 0.800878
7594.14 0.754951
7594.79 0.709624
7595.44 0.666258
7596.09 0.625286
7596.74 0.58642
7597.39 0.549098
7598.04 0.512944
7598.69 0.478083
7599.33 0.445173
7599.98 0.415202
7600.63 0.389158
7601.28 0.367745
7601.93 0.351278
7602.58 0.339696
7603.23 0.332678
7603.88 0.329777
7604.53 0.330492
7605.18 0.334294
7605.83 0.340596
7606.48 0.348794
7607.13 0.358323
7607.78 0.368759
7608.43 0.379951
7609.08 0.39209
7609.73 0.405602
7610.38 0.421103
7611.03 0.439167
7638.31 0.800277
7638.96 0.809296
7639.61 0.815707
7640.26 0.81954
7640.91 0.820632
7641.56 0.818802
7642.21 0.814112
7642.86 0.8072
7643.51 0.799371
7644.16 0.792303
7644.81 0.787513
7645.46 0.785785
7646.11 0.786933
7646.76 0.789974
7647.41 0.793667
7648.06 0.797023
7648.71 0.799641
7649.36 0.801665
7650.01 0.803485
7650.66 0.80542
7651.31 0.807524
7651.96 0.809638
7652.6 0.811564
7653.25 0.813213
7653.9 0.814613
7654.55 0.815819
7655.2 0.816783
7655.85 0.817393
7656.5 0.817639
7657.15 0.817867
7657.8 0.818923
7658.45 0.822028
7659.1 0.828429
7659.75 0.838872
7660.4 0.853198
7661.05 0.870278
7661.7 0.88828
7662.35 0.905252
7663.0 0.919674
7663.65 0.93089
7664.3 0.939134
7664.95 0.945221
7665.6 0.950087
7666.25 0.954352
7666.9 0.958174
7667.55 0.961355
7668.2 0.963697
7668.85 0.965392
7669.5 0.967243
7670.15 0.970514
7670.79 0.976528
7671.44 0.986046
7672.09 0.998815
7672.74 1.01346
7673.39 1.02774
7674.04 1.03921
7674.69 1.0459
7675.34 1.0469
7675.99 1.04256
7676.64 1.0343
7677.29 1.02416
7677.94 1.01418
7678.59 1.00601
7679.24 1.00062
7679.89 0.998348
7680.54 0.999056
7681.19 1.0024
7681.84 1.00802
7682.49 1.01554
7683.14 1.02453
7683.79 1.03429
7684.44 1.0438
7685.09 1.05177
7685.74 1.05691
7686.39 1.05833
7687.04 1.05584
7687.69 1.05008
7688.33 1.04242
7688.98 1.03458
7689.63 1.02813
7690.28 1.02411
7690.93 1.02279
7691.58 1.02371
7692.23 1.02592
7692.88 1.02837
7693.53 1.03016
7694.18 1.03087
7694.83 1.03049
7695.48 1.02938
7696.13 1.02805
7696.78 1.02683
7697.43 1.02584
7698.08 1.02489
7698.73 1.02364
7699.38 1.02184
7700.03 1.01945
7700.68 1.01677
7701.33 1.01422
7701.98 1.01222
7702.63 1.01084
7703.28 1.00982
7703.93 1.00859
7704.58 1.00654
7705.23 1.00336
7705.88 0.999149
7706.52 0.99448
7707.17 0.990112
7707.82 0.986687
7708.47 0.984371
7709.12 0.982725
7709.77 0.980801
7710.42 0.977452
7711.07 0.971749
7711.72 0.963358
7712.37 0.952703
7713.02 0.940934
7713.67 0.929655
7714.32 0.92054
7714.97 0.914976
7715.62 0.913769
7716.27 0.91707
7716.92 0.92444
7717.57 0.935008
7718.22 0.947737
7718.87 0.96159
7719.52 0.975647
7720.17 0.98912
7720.82 1.0013
7721.47 1.01151
7722.12 1.01912
7722.77 1.02363
7723.42 1.02485
7724.06 1.02308
7724.71 1.01913
7725.36 1.01419
7726.01 1.00963
7726.66 1.00664
7727.31 1.00601
7727.96 1.00791
7728.61 1.012
7729.26 1.01748
7729.91 1.02335
7730.56 1.02869
7731.21 1.03287
7731.86 1.03568
7732.51 1.0374
7733.16 1.0386
7733.81 1.03997
7734.46 1.04206
7735.11 1.04508
7735.76 1.0489
7736.41 1.05313
7737.06 1.05733
7737.71 1.06118
7738.36 1.06451
7739.01 1.06726
7739.66 1.06926
7740.31 1.07016
7740.96 1.06935
7741.6 1.06614
7742.25 1.05983
7742.9 1.05001
7743.55 1.03663
7744.2 1.0201
7744.85 1.00127
7745.5 0.981372
7746.15 0.961914
7746.8 0.944485
7747.45 0.930521
7748.1 0.921073
7748.75 0.916619
7749.4 0.917015
7750.05 0.921577
7750.7 0.929271
7751.35 0.938905
7752.0 0.949288
7752.65 0.959349
7753.3 0.968142
7753.95 0.974869
7754.6 0.978889
7755.25 0.979775
7755.9 0.97738
7756.55 0.971943
7757.2 0.964153
7757.85 0.955165
7758.5 0.946472
7759.15 0.939642
7759.79 0.935983
7760.44 0.936152
7761.09 0.939999
7761.74 0.946565
7762.39 0.954385
7763.04 0.961857
7763.69 0.967768
7764.34 0.971541
7764.99 0.97338
7765.64 0.974147
7766.29 0.97508
7766.94 0.977425
7767.59 0.982071
7768.24 0.989275
7768.89 0.998551
7769.54 1.00882
7770.19 1.01865
7770.84 1.02667
7771.49 1.03184
7772.14 1.03374
7772.79 1.03246
7773.44 1.02854
7774.09 1.02262
7774.74 1.01536
7775.39 1.0073
7776.04 0.99898
7776.69 0.991049
7777.33 0.984368
7777.98 0.979971
7778.63 0.978864
7779.28 0.981726
7779.93 0.988641
7780.58 0.998911
7781.23 1.01111
7781.88 1.02335
7782.53 1.03373
7783.18 1.04078
7783.83 1.0438
7784.48 1.04299
7785.13 1.03939
7785.78 1.03449
7786.43 1.02984
7787.08 1.02671
7787.73 1.02582
7788.38 1.02724
7789.03 1.03047
7789.68 1.03465
7790.33 1.03878
7790.98 1.04203
7791.63 1.04396
7792.28 1.0447
7792.93 1.04491
7793.58 1.04564
7794.23 1.04796
7794.88 1.05256
7795.52 1.0595
7796.17 1.06804
7796.82 1.07682
7797.47 1.08415
7798.12 1.08848
7798.77 1.08874
7799.42 1.08469
7800.07 1.07689
7800.72 1.06663
7801.37 1.0556
7802.02 1.04557
7802.67 1.03796
7803.32 1.0336
7803.97 1.0326
7804.62 1.03436
7805.27 1.03784
7805.92 1.04183
7806.57 1.04522
7807.22 1.0473
7807.87 1.04777
7808.52 1.04676
7809.17 1.0447
7809.82 1.04219
7810.47 1.03985
7811.12 1.03829
7811.77 1.03793
7812.42 1.03903
7813.06 1.04151
7813.71 1.04498
7814.36 1.04868
7815.01 1.05163
7815.66 1.05284
7816.31 1.05148
7816.96 1.04714
7817.61 1.03992
7818.26 1.03049
7818.91 1.02001
7819.56 1.01
7820.21 1.00208
7820.86 0.997669
7821.51 0.997703
7822.16 1.00234
7822.81 1.01088
7823.46 1.02185
7824.11 1.0333
7824.76 1.04324
7825.41 1.05012
7826.06 1.05311
7826.71 1.05224
7827.36 1.04829
7828.01 1.04253
7828.66 1.03635
7829.31 1.03098
7829.96 1.02729
7830.6 1.02574
7831.25 1.02639
7831.9 1.02909
7832.55 1.03351
7833.2 1.03941
7833.85 1.04661
7834.5 1.0551
7835.15 1.06496
7835.8 1.07623
7836.45 1.08864
7837.1 1.10156
7837.75 1.11386
7838.4 1.12404
7839.05 1.13051
7839.7 1.1319
7840.35 1.12753
7841.0 1.11757
7841.65 1.10316
7842.3 1.08616
7842.95 1.06878
7843.6 1.0531
7844.25 1.04068
7844.9 1.03221
7845.55 1.02748
7846.2 1.02548
7846.85 1.02468
7847.5 1.02325
7848.15 1.01945
7848.79 1.01183
7849.44 0.999436
7850.09 0.982041
7850.74 0.96031
7851.39 0.935901
7852.04 0.911382
7852.69 0.889919
7853.34 0.874699
7853.99 0.868267
7854.64 0.871899
7855.29 0.885287
7855.94 0.906575
7856.59 0.932773
7857.24 0.960406
7857.89 0.986152
7858.54 1.00738
7859.19 1.02241
7859.84 1.03062
7860.49 1.0323
7861.14 1.02841
7861.79 1.02025
7862.44 1.00911
7863.09 0.996033
7863.74 0.981744
7864.39 0.96666
7865.04 0.951144
7865.69 0.935648
7866.33 0.920962
7866.98 0.908158
7867.63 0.898425
7868.28 0.892824
7868.93 0.891962
7869.58 0.895792
7870.23 0.903511
7870.88 0.913738
7871.53 0.924667
7872.18 0.934472
7872.83 0.94163
7873.48 0.94523
7874.13 0.945137
7874.78 0.94203
7875.43 0.937177
7876.08 0.93208
7876.73 0.928073
7877.38 0.92598
7878.03 0.92598
7878.68 0.927706
7879.33 0.930589
7879.98 0.934156
7880.63 0.938303
7881.28 0.943276
7881.93 0.949493
7882.58 0.957195
7883.23 0.966198
7883.88 0.975814
7884.52 0.984926
7885.17 0.992284
7885.82 0.996858
7886.47 0.998079
7887.12 0.995999
7887.77 0.991241
7888.42 0.984855
7889.07 0.978123
7889.72 0.972302
7890.37 0.968475
7891.02 0.9674
7891.67 0.969499
7892.32 0.974807
7892.97 0.983039
7893.62 0.993558
7894.27 1.00544
7894.92 1.01751
7895.57 1.02849
7896.22 1.03714
7896.87 1.04247
7897.52 1.04393
7898.17 1.04158
7898.82 1.03614
7899.47 1.02891
7900.12 1.02155
7900.77 1.01578
7901.42 1.013
7902.06 1.01396
7902.71 1.01848
7903.36 1.02553
7904.01 1.03335
7904.66 1.03983
7905.31 1.04301
7905.96 1.0415
7906.61 1.03481
7907.26 1.02328
7907.91 1.0079
7908.56 0.989899
7909.21 0.970518
7909.86 0.950822
7910.51 0.931801
7911.16 0.914548
7911.81 0.900384
7912.46 0.890776
7913.11 0.886923
7913.76 0.889333
7914.41 0.897424
7915.06 0.909492
7915.71 0.923063
7916.36 0.935522
7917.01 0.944856
7917.66 0.950148
7918.31 0.951779
7918.96 0.951134
7919.6 0.950089
7920.25 0.950387
7920.9 0.953116
7921.55 0.95852
7922.2 0.966051
7922.85 0.974697
7923.5 0.983344
7924.15 0.991142
7924.8 0.997621
7925.45 1.00271
7926.1 1.00651
7926.75 1.00906
7927.4 1.01019
7928.05 1.00948
7928.7 1.00647
7929.35 1.00094
7930.0 0.993196
7930.65 0.984194
7931.3 0.975421
7931.95 0.968562
7932.6 0.964992
7933.25 0.96532
7933.9 0.969178
7934.55 0.97538
7935.2 0.982285
7935.85 0.988372
7936.5 0.992672
7937.15 0.995
7937.79 0.995901
7938.44 0.996349
7939.09 0.99735
7939.74 0.999614
7940.39 1.00335
7941.04 1.00824
7941.69 1.01357
7942.34 1.01847
7942.99 1.02217
7943.64 1.02422
7944.29 1.02457
7944.94 1.02361
7945.59 1.02195
7946.24 1.02029
7946.89 1.01922
7947.54 1.01918
7948.19 1.02044
7948.84 1.02322
7949.49 1.02764
7950.14 1.03371
7950.79 1.04124
7951.44 1.04973
7952.09 1.05837
7952.74 1.06627
7953.39 1.0726
7954.04 1.07694
7954.69 1.07931
7955.33 1.08018
7955.98 1.08025
7956.63 1.08013
7957.28 1.08013
7957.93 1.08018
7958.58 1.07982
7959.23 1.07841
7959.88 1.07533
7960.53 1.07031
7961.18 1.06351
7961.83 1.0557
7962.48 1.04801
7963.13 1.04176
7963.78 1.03804
7964.43 1.03735
7965.08 1.03945
7965.73 1.04337
7966.38 1.0477
7967.03 1.05107
7967.68 1.0525
7968.33 1.05166
7968.98 1.04887
7969.63 1.04486
7970.28 1.0405
7970.93 1.03651
7971.58 1.03335
7972.23 1.03125
7972.88 1.03027
7973.52 1.03042
7974.17 1.03164
7974.82 1.03385
7975.47 1.03679
7976.12 1.04005
7976.77 1.04305
7977.42 1.04516
7978.07 1.04589
7978.72 1.04501
7979.37 1.04272
7980.02 1.03956
7980.67 1.03635
7981.32 1.03389
7981.97 1.03272
7982.62 1.03296
7983.27 1.03424
7983.92 1.03588
7984.57 1.03708
7985.22 1.03714
7985.87 1.03562
7986.52 1.03234
7987.17 1.02732
7987.82 1.02068
7988.47 1.01253
7989.12 1.00307
7989.77 0.992537
7990.42 0.98138
7991.06 0.970288
7991.71 0.96015
7992.36 0.951944
7993.01 0.94654
7993.66 0.94449
7994.31 0.94589
7994.96 0.950387
7995.61 0.957329
7996.26 0.966001
7996.91 0.975876
7997.56 0.986689
7998.21 0.998352
7998.86 1.01071
7999.51 1.02332
8000.16 1.0353
8000.81 1.04555
8001.46 1.05303
8002.11 1.05719
8002.76 1.05824
8003.41 1.05719
8004.06 1.05569
8004.71 1.05558
8005.36 1.05843
8006.01 1.06516
8006.66 1.07588
8007.31 1.0899
8007.96 1.10585
8008.61 1.12208
8009.25 1.13679
8009.9 1.14842
8010.55 1.15579
8011.2 1.15824
8011.85 1.15574
8012.5 1.14884
8013.15 1.13863
8013.8 1.12653
8014.45 1.11398
8015.1 1.10216
8015.75 1.09179
8016.4 1.08295
8017.05 1.07519
8017.7 1.0678
8018.35 1.06008
8019.0 1.05169
8019.65 1.04279
8020.3 1.03413
8020.95 1.02685
8021.6 1.02226
8022.25 1.02135
8022.9 1.0247
8023.55 1.03224
8024.2 1.04327
8024.85 1.05674
8025.5 1.0716
8026.15 1.08719
8026.79 1.10351
8027.44 1.12117
8028.09 1.14107
8028.74 1.16376
8029.39 1.18885
8030.04 1.2146
8030.69 1.2381
8031.34 1.25583
8031.99 1.26466
8032.64 1.26278
8033.29 1.25019
8033.94 1.22874
8034.59 1.20153
8035.24 1.17207
8035.89 1.14348
8036.54 1.11795
8037.19 1.09655
8037.84 1.07941
8038.49 1.06597
8039.14 1.05544
8039.79 1.04706
8040.44 1.04034
8041.09 1.03508
8041.74 1.03133
8042.39 1.02921
8043.04 1.02873
8043.69 1.02971
8044.33 1.03158
8044.98 1.0335
8045.63 1.03454
8046.28 1.0339
8046.93 1.03112
8047.58 1.02621
8048.23 1.01977
8048.88 1.01281
8049.53 1.00661
8050.18 1.00235
8050.83 1.00099
8051.48 1.003
8052.13 1.0084
8052.78 1.01681
8053.43 1.02756
8054.08 1.03979
8054.73 1.05253
8055.38 1.06472
8056.03 1.07524
8056.68 1.08298
8057.33 1.08691
8057.98 1.08625
8058.63 1.08065
8059.28 1.07027
8059.93 1.0559
8060.58 1.03885
8061.23 1.02084
8061.88 1.00367
8062.52 0.988945
8063.17 0.977811
8063.82 0.970752
8064.47 0.96762
8065.12 0.967751
8065.77 0.970214
8066.42 0.974082
8067.07 0.978668
8067.72 0.983675
8068.37 0.989255
8069.02 0.99589
8069.67 1.00417
8070.32 1.01451
8070.97 1.02683
8071.62 1.0405
8072.27 1.05428
8072.92 1.06668
8073.57 1.07625
8074.22 1.08197
8074.87 1.08349
8075.52 1.08121
8076.17 1.07609
8076.82 1.06947
8077.47 1.06268
8078.12 1.05687
8078.77 1.05274
8079.42 1.05058
8080.06 1.05025
8080.71 1.05134
8081.36 1.0533
8082.01 1.05549
8082.66 1.05729
8083.31 1.05815
8083.96 1.05764
8084.61 1.05566
8085.26 1.05251
8085.91 1.04896
8086.56 1.04612
8087.21 1.04517
8087.86 1.04699
8088.51 1.0518
8089.16 1.05898
8089.81 1.06715
8090.46 1.07451
8091.11 1.07928
8091.76 1.08021
8092.41 1.07688
8093.06 1.06982
8093.71 1.06034
8094.36 1.05023
8095.01 1.0413
8095.66 1.03502
8096.31 1.03227
8096.96 1.03318
8097.6 1.03719
8098.25 1.04316
8098.9 1.04956
8099.55 1.05477
8100.2 1.05731
8100.85 1.05612
8101.5 1.05069
8102.15 1.0412
8102.8 1.0284
8103.45 1.01346
8104.1 0.997849
8104.75 0.983053
8105.4 0.970476
8106.05 0.961209
8106.7 0.955918
8107.35 0.954745
8108.0 0.957295
8108.65 0.962762
8109.3 0.970109
8109.95 0.978336
8110.6 0.986685
8111.25 0.994761
8111.9 1.00255
8112.55 1.0103
8113.2 1.01836
8113.85 1.02703
8114.5 1.03635
8115.15 1.04612
8115.79 1.0558
8116.44 1.06474
8117.09 1.07229
8117.74 1.07801
8118.39 1.08185
8119.04 1.08408
8119.69 1.08525
8120.34 1.08589
8120.99 1.0863
8121.64 1.08647
8122.29 1.08604
8122.94 1.08457
8123.59 1.08167
8124.24 1.07733
8124.89 1.07195
8125.54 1.06634
8126.19 1.06154
8126.84 1.05861
8127.49 1.05838
8128.14 1.06126
8128.79 1.06713
8129.44 1.07535
8130.09 1.08489
8130.74 1.09457
8131.39 1.10328
8132.04 1.11022
8132.69 1.11503
8133.33 1.11777
8133.98 1.11888
8134.63 1.11895
8135.28 1.11855
8135.93 1.11813
8136.58 1.11794
8137.23 1.118
8137.88 1.11816
8138.53 1.11815
8139.18 1.11761
8139.83 1.11612
8140.48 1.11325
8141.13 1.10861
8141.78 1.10193
8142.43 1.09324
8143.08 1.0829
8143.73 1.07169
8144.38 1.0607
8145.03 1.05115
8145.68 1.04414
8146.33 1.04042
8146.98 1.04019
8147.63 1.04316
8148.28 1.04865
8148.93 1.05583
8149.58 1.06396
8150.23 1.07246
8150.88 1.08098
8151.52 1.08927
8152.17 1.09703
8152.82 1.10388
8153.47 1.10942
8154.12 1.11341
8154.77 1.11592
8155.42 1.11739
8156.07 1.1185
8156.72 1.11996
8157.37 1.12213
8158.02 1.12486
8158.67 1.1275
8159.32 1.12904
8159.97 1.1285
8160.62 1.12522
8161.27 1.11908
8161.92 1.11054
8162.57 1.10049
8163.22 1.09004
8163.87 1.0803
8164.52 1.07225
8165.17 1.06664
8165.82 1.06398
8166.47 1.06451
8167.12 1.06822
8167.77 1.07473
8168.42 1.08325
8169.06 1.09259
8169.71 1.1013
8170.36 1.10786
8171.01 1.11101
8171.66 1.11006
8172.31 1.10504
8172.96 1.09672
8173.61 1.0864
8174.26 1.07568
8174.91 1.06612
8175.56 1.05902
8176.21 1.05528
8176.86 1.05535
8177.51 1.05926
8178.16 1.0666
8178.81 1.07674
8179.46 1.08884
8180.11 1.10202
8180.76 1.11553
8181.41 1.12871
8182.06 1.14098
8182.71 1.15178
8183.36 1.1605
8184.01 1.16647
8184.66 1.16908
8185.31 1.16789
8185.96 1.16282
8186.61 1.15421
8187.25 1.14283
8187.9 1.12976
8188.55 1.11619
8189.2 1.10326
8189.85 1.09182
8190.5 1.08231
8191.15 1.07475
8191.8 1.06874
8192.45 1.0636
8193.1 1.05854
8193.75 1.05279
8194.4 1.04571
8195.05 1.03691
8195.7 1.02632
8196.35 1.01426
8197.0 1.00144
8197.65 0.988927
8198.3 0.978011
8198.95 0.969934
8199.6 0.965637
8200.25 0.965484
8200.9 0.969152
8201.55 0.975643
8202.2 0.983489
8202.85 0.991101
8203.5 0.997142
8204.15 1.00083
8204.8 1.00209
8205.44 1.00155
8206.09 1.00032
8206.74 0.999754
8207.39 1.00111
8208.04 1.00533
8208.69 1.01276
8209.34 1.02315
8209.99 1.03564
8210.64 1.04889
8211.29 1.0614
8211.94 1.07182
8212.59 1.07927
8213.24 1.0835
8213.89 1.08492
8214.54 1.08442
8215.19 1.08307
8215.84 1.0818
8216.49 1.08121
8217.14 1.08152
8217.79 1.08268
8218.44 1.08456
8219.09 1.08709
8219.74 1.09033
8220.39 1.09444
8221.04 1.09945
8221.69 1.10516
8222.33 1.11102
8222.98 1.11618
8223.63 1.11965
8224.28 1.12055
8224.93 1.1183
8225.58 1.11272
8226.23 1.10408
8226.88 1.09303
8227.53 1.08054
8228.18 1.06772
8228.83 1.05574
8229.48 1.04559
8230.13 1.03794
8230.78 1.03301
8231.43 1.03055
8232.08 1.02993
8232.73 1.03043
8233.38 1.03141
8234.03 1.03264
8234.68 1.0343
8235.33 1.03701
8235.98 1.04155
8236.63 1.04861
8237.28 1.05855
8237.93 1.07116
8238.58 1.0857
8239.23 1.10099
8239.88 1.1156
8240.53 1.12813
8241.17 1.13742
8241.82 1.14274
8242.47 1.14381
8243.12 1.14085
8243.77 1.13447
8244.42 1.12556
8245.07 1.11522
8245.72 1.10456
8246.37 1.09463
8247.02 1.08632
8247.67 1.08026
8248.32 1.07678
8248.97 1.07591
8249.62 1.07737
8250.27 1.08063
8250.92 1.08493
8251.57 1.08939
8252.22 1.09309
8252.87 1.09517
8253.52 1.09503
8254.17 1.09245
8254.82 1.08771
8255.47 1.08153
8256.12 1.07496
8256.77 1.06903
8257.42 1.06454
8258.07 1.06184
8258.71 1.06081
8259.36 1.06108
8260.01 1.06221
8260.66 1.06396
8261.31 1.06635
8261.96 1.06961
8262.61 1.07402
8263.26 1.07961
8263.91 1.08612
8264.56 1.09293
8265.21 1.09924
8265.86 1.10421
8266.51 1.1072
8267.16 1.10787
8267.81 1.1063
8268.46 1.10282
8269.11 1.09799
8269.76 1.09241
8270.41 1.08658
8271.06 1.08081
8271.71 1.07513
8272.36 1.06938
8273.01 1.06314
8273.66 1.0559
8274.31 1.04715
8274.96 1.03642
8275.61 1.02353
8276.25 1.00863
8276.9 0.992344
8277.55 0.975716
8278.2 0.960176
8278.85 0.947174
8279.5 0.937878
8280.15 0.932802
8280.8 0.931556
8281.45 0.932824
8282.1 0.934564
8282.75 0.934405
8283.4 0.930184
8284.05 0.920481
8284.7 0.905067
8285.35 0.885107
8286.0 0.863055
8286.65 0.84229
8287.3 0.826438
8287.95 0.818526
8288.6 0.820353
8289.25 0.831992
8289.9 0.851787
8290.55 0.876711
8291.2 0.903108
8291.85 0.92744
8292.5 0.946968
8293.15 0.960106
8293.79 0.966404
8294.44 0.966352
8295.09 0.961055
8295.74 0.951982
8296.39 0.940873
8297.04 0.92966
8297.69 0.920393
8298.34 0.914986
8298.99 0.91488
8299.64 0.920653
8300.29 0.931907
8300.94 0.947288
8301.59 0.964878
8302.24 0.98265
8302.89 0.998938
8303.54 1.01272
8304.19 1.02367
8304.84 1.03207
8305.49 1.03859
8306.14 1.044
8306.79 1.04898
8307.44 1.05399
8308.09 1.0592
8308.74 1.06449
8309.39 1.06962
8310.04 1.07421
8310.69 1.07795
8311.33 1.08068
8311.99 1.08247
8312.63 1.08363
8313.28 1.08475
8313.93 1.08648
8314.58 1.08945
8315.23 1.09404
8315.88 1.10019
8316.53 1.10731
8317.18 1.11437
8317.83 1.11999
8318.48 1.12282
8319.13 1.12176
8319.78 1.11627
8320.43 1.10654
8321.08 1.09347
8321.73 1.07848
8322.38 1.06313
8323.03 1.04878
8323.68 1.0363
8324.33 1.02592
8324.98 1.01746
8325.63 1.01046
8326.28 1.00454
8326.93 0.999518
8327.58 0.99555
8328.23 0.992983
8328.88 0.99226
8329.53 0.993786
8330.17 0.997822
8330.82 1.00437
8331.47 1.01316
8332.12 1.02362
8332.77 1.03486
8333.42 1.0458
8334.07 1.05528
8334.72 1.06217
8335.37 1.06559
8336.02 1.06495
8336.67 1.06002
8337.32 1.05082
8337.97 1.03749
8338.62 1.0202
8339.27 0.999025
8339.92 0.974045
8340.57 0.945597
8341.22 0.914536
8341.87 0.882482
8342.52 0.851857
8343.17 0.825611
8343.82 0.806646
8344.47 0.797156
8345.12 0.798052
8345.77 0.808739
8346.42 0.82728
8347.07 0.850928
8347.71 0.876795
8348.36 0.902434
8349.01 0.926105
8349.66 0.946845
8350.31 0.964246
8350.96 0.978227
8351.61 0.988882
8352.26 0.996387
8352.91 1.001
8353.56 1.00301
8354.21 1.00268
8354.86 1.00021
8355.51 0.995662
8356.16 0.989135
8356.81 0.980804
8357.46 0.971097
8358.11 0.960729
8358.76 0.950568
8359.41 0.941471
8360.06 0.934099
8360.71 0.928861
8361.36 0.925925
8362.01 0.925336
8362.66 0.927115
8363.31 0.931263
8363.96 0.937631
8364.61 0.945788
8365.25 0.954926
8365.9 0.963899
8366.55 0.971475
8367.2 0.97669
8367.85 0.979173
8368.5 0.979305
8369.15 0.978087
8369.8 0.976838
8370.45 0.976775
8371.1 0.978628
8371.75 0.982426
8372.4 0.987454
8373.05 0.992416
8373.7 0.995776
8374.35 0.996054
8375.0 0.992251
8375.65 0.984112
8376.3 0.972233
8376.95 0.95801
8377.6 0.943284
8378.25 0.929943
8378.9 0.919487
8379.55 0.912795
8380.2 0.910093
8380.85 0.911158
8381.5 0.915554
8382.15 0.922832
8382.79 0.932601
8383.45 0.944453
8384.09 0.957867
8384.74 0.972108
8385.39 0.986261
8386.04 0.999303
8386.69 1.01027
8387.34 1.0184
8387.99 1.02319
8388.64 1.02452
8389.29 1.02252
8389.94 1.01767
8390.59 1.01059
8391.24 1.00201
8391.89 0.992552
8392.54 0.982667
8393.19 0.972565
8393.84 0.962233
8394.49 0.951547
8395.14 0.940455
8395.79 0.929207
8396.44 0.91846
8397.09 0.909281
8397.74 0.902976
8398.39 0.900749
8399.04 0.903349
8399.69 0.910791
8400.33 0.922305
8400.99 0.936476
8401.63 0.951591
8402.28 0.966007
8402.93 0.978482
8403.58 0.988305
8404.23 0.995304
8404.88 0.99969
8405.53 1.00192
8406.18 1.00253
8406.83 1.00198
8407.48 1.0006
8408.13 0.998483
8408.78 0.995513
8409.43 0.991415
8410.08 0.985829
8410.73 0.978556
8411.38 0.969595
8412.03 0.959379
8412.68 0.948702
8413.33 0.938693
8413.98 0.930654
8414.63 0.925796
8415.28 0.924993
8415.93 0.928545
8416.58 0.936072
8417.23 0.946569
8417.88 0.958628
8418.53 0.97078
8419.17 0.981825
8419.82 0.991094
8420.47 0.998461
8421.12 1.00427
8421.77 1.00897
8422.42 1.01281
8423.07 1.01555
8423.72 1.01627
8424.37 1.01344
8425.02 1.00531
8425.67 0.990323
8426.32 0.967728
8426.97 0.937982
8427.62 0.903036
8428.27 0.866213
8428.92 0.83173
8429.57 0.803935
8430.22 0.786432
8430.87 0.78128
8431.52 0.788593
8432.17 0.80658
8432.82 0.832033
8433.47 0.861112
8434.12 0.890189
8434.77 0.916435
8435.42 0.938105
8436.07 0.954522
8436.71 0.965803
8437.36 0.972518
8438.01 0.975394
8438.66 0.975132
8439.31 0.972345
8439.96 0.967563
8440.61 0.961334
8441.26 0.954295
8441.91 0.947252
8442.56 0.941029
8443.21 0.936493
8443.86 0.934282
8444.51 0.934746
8445.16 0.937868
8445.81 0.943324
8446.46 0.950605
8447.11 0.959155
8447.76 0.968452
8448.41 0.977965
8449.06 0.987079
8449.71 0.995021
8450.36 1.0009
8451.01 1.00387
8451.66 1.00344
8452.31 0.999715
8452.96 0.993541
8453.61 0.986306
8454.25 0.979555
8454.91 0.974581
8455.55 0.971916
8456.2 0.971295
8456.85 0.971772
8457.5 0.972094
8458.15 0.971114
8458.8 0.968104
8459.45 0.962872
8460.1 0.955662
8460.75 0.946969
8461.4 0.937356
8462.05 0.927309
8462.7 0.917227
8463.35 0.907493
8464.0 0.898595
8464.65 0.891158
8465.3 0.886007
8465.95 0.884028
8466.6 0.886002
8467.25 0.892359
8467.9 0.902955
8468.55 0.917004
8469.2 0.93317
8469.85 0.94982
8470.5 0.965312
8471.15 0.978305
8471.79 0.987907
8472.45 0.99372
8473.09 0.995795
8473.74 0.994519
8474.39 0.990519
8475.04 0.984592
8475.69 0.977627
8476.34 0.970504
8476.99 0.964104
8477.64 0.959122
8478.29 0.956071
8478.94 0.955187
8479.59 0.956428
8480.24 0.95948
8480.89 0.963821
8481.54 0.968819
8482.19 0.973806
8482.84 0.97811
8483.49 0.981131
8484.14 0.982252
8484.79 0.980891
8485.44 0.976517
8486.09 0.968698
8486.74 0.957151
8487.39 0.941773
8488.04 0.922655
8488.69 0.900151
8489.33 0.874977
8489.99 0.848368
8490.63 0.822166
8491.28 0.798794
8491.93 0.780979
8492.58 0.771235
8493.23 0.771297
8493.88 0.78163
8494.53 0.801244
8495.18 0.827868
8495.83 0.858415
8496.48 0.889578
8497.13 0.918356
8497.78 0.942363
8498.43 0.959939
8499.08 0.970085
8499.73 0.972379
8500.38 0.966992
8501.03 0.954717
8501.68 0.937066
8502.33 0.916273
8502.98 0.895081
8503.63 0.876346
8504.28 0.862495
8504.93 0.854952
8505.58 0.853873
8506.23 0.85809
8506.88 0.865437
8507.53 0.873366
8508.17 0.879609
8508.82 0.882727
8509.47 0.882409
8510.12 0.879459
8510.77 0.875508
8511.42 0.872531
8512.07 0.872339
8512.72 0.876125
8513.37 0.884182
8514.02 0.895859
8514.67 0.909739
8515.32 0.923986
8515.97 0.93676
8516.62 0.946592
8517.27 0.952624
8517.92 0.954679
8518.57 0.95317
8519.22 0.948895
8519.87 0.942835
8520.52 0.935979
8521.17 0.929208
8521.82 0.923228
8522.47 0.918557
8523.12 0.915504
8523.77 0.914165
8524.42 0.914447
8525.06 0.916105
8525.71 0.918778
8526.37 0.922032
8527.01 0.925321
8527.66 0.92795
8528.31 0.929068
8528.96 0.927636
8529.61 0.922568
8530.26 0.912882
8530.91 0.897924
8531.56 0.877528
8532.21 0.85208
8532.86 0.822505
8533.51 0.790174
8534.16 0.756791
8534.81 0.724331
8535.46 0.694958
8536.11 0.670921
8536.76 0.654317
8537.41 0.646828
8538.06 0.649288
8538.71 0.661456
8539.36 0.681891
8540.01 0.708193
8540.66 0.737447
8541.31 0.766821
8541.96 0.794109
8542.61 0.818084
8543.25 0.838529
8543.91 0.856004
8544.55 0.87144
8545.2 0.885677
8545.85 0.899178
8546.5 0.9119
8547.15 0.923414
8547.8 0.933134
8548.45 0.940595
8549.1 0.945639
8549.75 0.948458
8550.4 0.94953
8551.05 0.949454
8551.7 0.948844
8552.35 0.948237
8553.0 0.948082
8553.65 0.948756
8554.3 0.950543
8554.95 0.953618
8555.6 0.958002
8556.25 0.963535
8556.9 0.969897
8557.55 0.976645
8558.2 0.983295
8558.85 0.989348
8559.5 0.994351
8560.15 0.99784
8560.79 0.999416
8561.45 0.998782
8562.09 0.995904
8562.74 0.991081
8563.39 0.984961
8564.04 0.978443
8564.69 0.972456
8565.34 0.967731
8565.99 0.964635
8566.64 0.963157
8567.29 0.962946
8567.94 0.963494
8568.59 0.964236
8569.24 0.964664
8569.89 0.964382
8570.54 0.963137
8571.19 0.960862
8571.84 0.957691
8572.49 0.953911
8573.14 0.949898
8573.79 0.945999
8574.44 0.942451
8575.09 0.939336
8575.74 0.936615
8576.39 0.934181
8577.04 0.931916
8577.69 0.929732
8578.34 0.927545
8578.98 0.925291
8579.63 0.922936
8580.28 0.920535
8580.93 0.918314
8581.58 0.916687
8582.23 0.91619
8582.88 0.917366
8583.53 0.920549
8584.18 0.925754
8584.83 0.932621
8585.48 0.940427
8586.13 0.948269
8586.78 0.955201
8587.43 0.960403
8588.08 0.963292
8588.73 0.963583
8589.38 0.961306
8590.03 0.956777
8590.68 0.950541
8591.33 0.943252
8591.98 0.935591
8592.63 0.928197
8593.28 0.921627
8593.93 0.916401
8594.58 0.912985
8595.23 0.911794
8595.88 0.913097
8596.52 0.91693
8597.17 0.922975
8597.83 0.930555
8598.47 0.938682
8599.12 0.946224
8599.77 0.952124
8600.42 0.955623
8601.07 0.956411
8601.72 0.954702
8602.37 0.951173
8603.02 0.946846
8603.67 0.942891
8604.32 0.940416
8604.97 0.940291
8605.62 0.943006
8606.27 0.948579
8606.92 0.956613
8607.57 0.966336
8608.22 0.976778
8608.87 0.986954
8609.52 0.995998
8610.17 1.00326
8610.82 1.00826
8611.47 1.01062
8612.12 1.00996
8612.77 1.006
8613.42 0.998609
8614.07 0.98799
8614.71 0.974804
8615.37 0.96011
8616.01 0.945232
8616.66 0.93145
8617.31 0.919757
8617.96 0.910716
8618.61 0.904473
8619.26 0.900882
8619.91 0.899678
8620.56 0.900584
8621.21 0.903388
8621.86 0.907871
8622.51 0.913759
8623.16 0.920643
8623.81 0.927948
8624.46 0.934909
8625.11 0.940586
8625.76 0.94401
8626.41 0.944365
8627.06 0.941237
8627.71 0.934857
8628.36 0.926143
8629.01 0.916587
8629.66 0.907899
8630.31 0.901558
8630.96 0.898457
8631.61 0.89874
8632.25 0.901883
8632.9 0.90696
8633.55 0.912967
8634.2 0.919056
8634.85 0.924615
8635.5 0.929241
8636.15 0.932603
8636.8 0.934411
8637.45 0.934362
8638.1 0.932259
8638.75 0.92811
8639.4 0.922174
8640.05 0.915027
8640.7 0.907434
8641.35 0.900226
8642.0 0.894121
8642.65 0.889573
8643.3 0.886716
8643.95 0.88542
8644.6 0.885388
8645.25 0.886295
8645.9 0.887878
8646.55 0.889959
8647.2 0.892379
8647.85 0.894901
8648.5 0.897147
8649.15 0.898483
8649.8 0.898055
8650.44 0.894816
8651.09 0.887647
8651.74 0.875569
8652.39 0.857963
8653.04 0.834828
8653.69 0.807009
8654.34 0.776211
8654.99 0.744888
8655.64 0.715876
8656.29 0.691849
8656.94 0.674836
8657.59 0.665824
8658.24 0.664678
8658.89 0.670373
8659.54 0.681387
8660.19 0.696181
8660.84 0.71354
8661.49 0.732629
8662.14 0.75293
8662.79 0.774001
8663.44 0.79532
8664.09 0.816229
8664.74 0.836011
8665.39 0.854031
8666.04 0.869885
8666.69 0.883488
8667.34 0.895063
8667.98 0.905094
8668.63 0.914235
8669.29 0.923153
8669.93 0.932329
8670.58 0.941963
8671.23 0.951849
8671.88 0.961475
8672.53 0.970183
8673.18 0.977386
8673.83 0.982794
8674.48 0.986456
8675.13 0.988655
8675.78 0.989764
8676.43 0.990025
8677.08 0.989467
8677.73 0.98792
8678.38 0.985079
8679.03 0.980668
8679.68 0.974539
8680.33 0.966773
8680.98 0.957675
8681.63 0.947721
8682.28 0.937489
8682.93 0.927539
8683.58 0.918315
8684.23 0.91014
8684.88 0.903241
8685.53 0.897849
8686.17 0.894254
8686.82 0.892773
8687.47 0.893644
8688.12 0.896869
8688.77 0.902087
8689.42 0.908558
8690.07 0.915307
8690.72 0.921375
8691.37 0.926101
8692.02 0.929294
8692.67 0.93128
8693.32 0.932729
8693.97 0.934398
8694.62 0.936829
8695.27 0.940171
8695.92 0.944125
8696.57 0.948065
8697.22 0.951215
8697.87 0.952869
8698.52 0.952521
8699.17 0.949974
8699.82 0.945355
8700.47 0.939082
8701.12 0.931818
8701.77 0.924389
8702.42 0.917663
8703.07 0.912385
8703.71 0.909001
8704.36 0.907557
8705.01 0.907667
8705.66 0.908635
8706.31 0.909643
8706.96 0.909971
8707.61 0.90916
8708.26 0.907083
8708.91 0.903923
8709.56 0.900077
8710.21 0.896099
8710.86 0.892634
8711.51 0.890373
8712.16 0.890005
8712.81 0.892082
8713.46 0.896874
8714.11 0.904224
8714.76 0.913492
8715.41 0.92361
8716.06 0.93322
8716.71 0.940911
8717.36 0.945463
8718.01 0.946039
8718.66 0.942365
8719.31 0.93478
8719.96 0.924243
8720.61 0.912224
8721.26 0.900494
8721.9 0.890845
8722.55 0.884764
8723.2 0.883105
8723.85 0.885932
8724.5 0.892475
8725.15 0.901296
8725.8 0.910643
8726.45 0.918872
8727.1 0.924827
8727.75 0.928096
8728.4 0.929039
8729.05 0.928573
8729.7 0.927821
8730.35 0.927713
8731.0 0.928733
8731.65 0.930825
8732.3 0.933523
8732.95 0.936203
8733.6 0.938345
8734.25 0.939676
8734.9 0.940212
8735.55 0.940163
8736.2 0.939764
8736.85 0.93915
8737.5 0.938283
8738.15 0.936912
8738.8 0.934664
8739.44 0.931131
8740.09 0.925958
8740.74 0.918969
8741.39 0.910252
8742.04 0.900186
8742.69 0.889436
8743.34 0.878858
8743.99 0.869422
8744.64 0.862075
8745.29 0.857601
8745.94 0.85654
8746.59 0.859074
8747.24 0.864975
8747.89 0.873631
8748.54 0.884131
8749.19 0.895421
8749.84 0.906492
8750.49 0.916555
8751.14 0.925113
8751.79 0.932013
8752.44 0.93727
8753.09 0.940958
8753.74 0.943089
8754.39 0.94361
8755.04 0.942494
8755.69 0.939885
8756.34 0.936115
8756.99 0.931704
8757.63 0.927211
8758.28 0.923033
8758.93 0.919339
8759.58 0.916084
8760.23 0.91316
8760.88 0.910556
8761.53 0.908426
8762.18 0.907006
8762.83 0.906417
8763.48 0.906537
8764.13 0.906991
8764.78 0.90729
8765.43 0.907064
8766.08 0.906319
8766.73 0.905505
8767.38 0.905337
8768.03 0.906585
8768.68 0.909681
8769.33 0.914516
8769.98 0.920415
8770.63 0.926301
8771.28 0.930943
8771.93 0.933241
8772.58 0.932366
8773.23 0.927801
8773.88 0.919422
8774.53 0.907511
8775.17 0.892806
8775.82 0.876569
8776.47 0.860507
8777.12 0.846572
8777.77 0.836612
8778.42 0.831942
8779.07 0.833028
8779.72 0.839379
8780.37 0.849653
8781.02 0.861995
8781.67 0.874411
8782.32 0.885187
8782.97 0.893101
8783.62 0.897508
8784.27 0.898297
8784.92 0.895734
8785.57 0.890377
8786.22 0.882951
8786.87 0.874335
8787.52 0.865523
8788.17 0.857621
8788.82 0.851769
8789.47 0.848955
8790.12 0.849874
8790.77 0.854653
8791.42 0.862727
8792.07 0.872823
8792.72 0.883106
8793.36 0.891471
8794.01 0.895949
8794.66 0.895065
8795.31 0.888158
8795.96 0.87545
8796.61 0.858052
8797.26 0.837787
8797.91 0.816895
8798.56 0.797747
8799.21 0.782552
8799.86 0.772886
8800.51 0.769475
8801.16 0.771964
8801.81 0.778827
8802.46 0.787505
8803.11 0.794749
8803.76 0.797185
8804.41 0.792103
8805.06 0.778238
8805.71 0.756388
8806.36 0.729618
8807.01 0.702807
8807.66 0.68163
8808.31 0.671114
8808.96 0.674319
8809.61 0.691556
8810.26 0.720402
8810.9 0.756591
8811.55 0.795297
8812.2 0.832405
8812.85 0.86525
8813.5 0.892731
8814.15 0.914921
8814.8 0.932434
8815.45 0.945919
8816.1 0.955804
8816.75 0.962332
8817.4 0.96575
8818.05 0.96635
8818.7 0.964507
8819.35 0.96045
8820.0 0.954082
8820.65 0.944885
8821.3 0.932172
8821.95 0.915308
8822.6 0.894179
8823.25 0.869533
8823.9 0.843094
8824.55 0.817371
8825.2 0.795197
8825.85 0.779091
8826.5 0.770637
8827.15 0.770013
8827.79 0.775941
8828.45 0.785951
8829.09 0.796975
8829.74 0.80605
8830.39 0.811003
8831.04 0.81087
8831.69 0.806097
8832.34 0.798328
8832.99 0.790067
8833.64 0.784109
8834.29 0.78294
8834.94 0.788187
8835.59 0.800263
8836.24 0.818268
8836.89 0.840204
8837.54 0.863455
8838.19 0.885323
8838.84 0.903577
8839.49 0.916792
8840.14 0.924384
8840.79 0.926627
8841.44 0.924383
8842.09 0.918924
8842.74 0.911729
8843.39 0.904294
8844.04 0.897928
8844.69 0.893589
8845.33 0.891699
8845.99 0.892102
8846.63 0.894114
8847.28 0.896742
8847.93 0.899015
8848.58 0.900261
8849.23 0.900282
8849.88 0.899361
8850.53 0.898098
8851.18 0.897149
8851.83 0.896971
8852.48 0.897716
8853.13 0.89921
8853.78 0.901098
8854.43 0.90298
8855.08 0.904556
8855.73 0.905654
8856.38 0.906157
8857.03 0.905793
8857.68 0.903868
8858.33 0.899016
8858.98 0.889069
8859.63 0.871211
8860.28 0.842384
8860.93 0.799988
8861.58 0.742657
8862.23 0.670862
8862.88 0.587202
8863.53 0.496154
8864.18 0.403352
8864.82 0.314592
8865.47 0.234825
8866.12 0.167402
8866.77 0.113765
8867.42 0.0735892
8868.07 0.0452472
8868.72 0.0264163
8869.37 0.0146241
8870.02 0.00767006
8870.67 0.00380344
8871.32 0.00177999
8871.97 0.000783183
8872.62 0.000318412
8873.27 0.000116899
8873.92 3.36525e-05
8874.57 6.77737e-06
8875.22 0.0
8875.87 0.0
8876.52 0.0
8877.17 0.0
8877.82 0.0
8878.47 0.0
8879.12 0.0
8879.77 0.0
8880.42 0.0
8881.07 0.0
8881.71 0.0
8882.36 0.0
8883.01 0.0
8883.66 0.0
8884.31 0.0
8884.96 0.0
8885.61 0.0
8886.26 0.0
8886.91 0.0
8887.56 0.0
8888.21 0.0
8888.86 0.0
8889.51 0.0
8890.16 0.0
8890.81 0.0
8891.46 0.0
8892.11 0.0
8892.76 0.0
8893.41 0.0
8894.06 0.0
8894.71 0.0
8895.36 0.0
8896.01 0.0
8896.66 0.0
8897.31 0.0
8897.96 0.0
8898.61 0.0
8899.25 0.0
8899.91 0.0
8900.55 0.0
8901.2 0.0
8901.85 0.0
8902.5 0.0
8903.15 0.0
8903.8 0.0
