6645.08 1.10807
6645.73 1.10084
6646.38 1.09514
6647.03 1.09431
6647.68 1.09988
6648.33 1.11092
6648.98 1.12464
6649.63 1.13803
6650.28 1.14924
6650.93 1.15789
6651.58 1.16424
6652.23 1.16817
6652.88 1.16902
6653.53 1.1664
6654.18 1.16114
6654.83 1.15529
6655.48 1.15087
6656.13 1.14844
6656.77 1.14672
6657.42 1.14357
6658.07 1.13766
6658.72 1.12944
6659.37 1.12068
6660.02 1.11321
6660.67 1.10756
6661.32 1.10269
6661.97 1.0968
6662.62 1.08862
6663.27 1.07816
6663.92 1.06662
6664.57 1.05568
6665.22 1.04693
6665.87 1.04181
6666.52 1.04165
6667.17 1.04764
6667.82 1.06044
6668.47 1.07981
6669.12 1.10449
6669.77 1.13226
6670.41 1.16012
6671.06 1.1848
6671.71 1.20362
6672.36 1.21553
6673.01 1.22157
6673.66 1.22418
6674.31 1.22584
6674.96 1.22767
6675.61 1.22905
6676.26 1.22837
6676.91 1.22444
6677.56 1.21758
6678.21 1.20977
6678.86 1.20359
6679.51 1.20069
6680.16 1.20072
6680.81 1.20181
6681.46 1.20196
6682.11 1.20061
6682.76 1.19884
6683.4 1.19823
6684.05 1.19919
6684.7 1.20043
6685.35 1.19978
6686.0 1.196
6686.65 1.19008
6687.3 1.18508
6687.95 1.18461
6688.6 1.19069
6689.25 1.20239
6689.9 1.21612
6690.55 1.22762
6691.2 1.23445
6691.85 1.23728
6692.5 1.23911
6693.15 1.24291
6693.8 1.24959
6694.45 1.25768
6695.1 1.26483
6695.75 1.26982
6696.4 1.27341
6697.04 1.27784
6697.69 1.28548
6698.34 1.29749
6698.99 1.31326
6699.64 1.33063
6700.29 1.34675
6700.94 1.35916
6701.59 1.36644
6702.24 1.36843
6702.89 1.36592
6703.54 1.36032
6704.19 1.35326
6704.84 1.34609
6705.49 1.33917
6706.14 1.33155
6706.79 1.32125
6707.44 1.30658
6708.09 1.28755
6708.74 1.26663
6709.39 1.2482
6710.03 1.23686
6710.68 1.23558
6711.33 1.24452
6711.98 1.26113
6712.63 1.28122
6713.28 1.30047
6713.93 1.31563
6714.58 1.32516
6715.23 1.32932
6715.88 1.3298
6716.53 1.32919
6717.18 1.32989
6717.83 1.33309
6718.48 1.33817
6719.13 1.34295
6719.78 1.34493
6720.43 1.34273
6721.08 1.33701
6721.73 1.33027
6722.38 1.32583
6723.02 1.32628
6723.67 1.33233
6724.32 1.34247
6724.97 1.35366
6725.62 1.3626
6726.27 1.36702
6726.92 1.3665
6727.57 1.36238
6728.22 1.35711
6728.87 1.35296
6729.52 1.35069
6730.17 1.34891
6730.82 1.3447
6731.47 1.33541
6732.12 1.32058
6732.77 1.30279
6733.42 1.28679
6734.07 1.27742
6734.72 1.27755
6735.37 1.28723
6736.02 1.30421
6736.67 1.32523
6737.31 1.34715
6737.96 1.36729
6738.61 1.38338
6739.26 1.3936
6739.91 1.39716
6740.56 1.39479
6741.21 1.38889
6741.86 1.38297
6742.51 1.38069
6743.16 1.38488
6743.81 1.39669
6744.46 1.41495
6745.11 1.43602
6745.76 1.45436
6746.41 1.46434
6747.06 1.46259
6747.71 1.44971
6748.36 1.43042
6749.01 1.41174
6749.66 1.40008
6750.3 1.39867
6750.95 1.40646
6751.6 1.41923
6752.25 1.43178
6752.9 1.44022
6753.55 1.44302
6754.2 1.44086
6754.85 1.43584
6755.5 1.43064
6756.15 1.42811
6756.8 1.43061
6757.45 1.43935
6758.1 1.45353
6758.75 1.47005
6759.4 1.48416
6760.05 1.49082
6760.7 1.48642
6761.35 1.47012
6762.0 1.44427
6762.65 1.41381
6763.3 1.38495
6763.94 1.36327
6764.59 1.35205
6765.24 1.35131
6765.89 1.358
6766.54 1.36771
6767.19 1.37683
6767.84 1.38428
6768.49 1.3915
6769.14 1.40093
6769.79 1.41388
6770.44 1.42931
6771.09 1.44445
6771.74 1.45656
6772.39 1.46452
6773.04 1.46921
6773.69 1.47242
6774.34 1.47531
6774.99 1.4775
6775.64 1.47727
6776.29 1.47279
6776.94 1.46349
6777.58 1.45072
6778.23 1.43737
6778.88 1.42645
6779.53 1.41957
6780.18 1.41599
6780.83 1.41298
6781.48 1.40717
6782.13 1.39649
6782.78 1.38138
6783.43 1.36465
6784.08 1.34989
6784.73 1.33937
6785.38 1.33269
6786.03 1.32714
6786.68 1.31943
6787.33 1.308
6787.98 1.2944
6788.63 1.2831
6789.28 1.27963
6789.93 1.28811
6790.57 1.30925
6791.22 1.34011
6791.87 1.37525
6792.52 1.40876
6793.17 1.43596
6793.82 1.45408
6794.47 1.46238
6795.12 1.46187
6795.77 1.45491
6796.42 1.44476
6797.07 1.4348
6797.72 1.42762
6798.37 1.4242
6799.02 1.42357
6799.67 1.42325
6800.32 1.42043
6800.97 1.41325
6801.62 1.40158
6802.27 1.38697
6802.92 1.37177
6803.56 1.35832
6804.21 1.34823
6804.86 1.34222
6805.51 1.34022
6806.16 1.34144
6806.81 1.34455
6807.46 1.34806
6808.11 1.35091
6808.76 1.35316
6809.41 1.35611
6810.06 1.36144
6810.71 1.36975
6811.36 1.37959
6812.01 1.38771
6812.66 1.3907
6813.31 1.38691
6813.96 1.37747
6814.61 1.36584
6815.26 1.35618
6815.91 1.35158
6816.56 1.35294
6817.2 1.35904
6817.85 1.3673
6818.5 1.37496
6819.15 1.38003
6819.8 1.38189
6820.45 1.38132
6821.1 1.38007
6821.75 1.38011
6822.4 1.38283
6823.05 1.38858
6823.7 1.39657
6824.35 1.40523
6825.0 1.41248
6825.65 1.41615
6826.3 1.41444
6826.95 1.40666
6827.6 1.39373
6828.25 1.37833
6828.9 1.36399
6829.55 1.35383
6830.19 1.34963
6830.84 1.35158
6831.49 1.35859
6832.14 1.36888
6832.79 1.38033
6833.44 1.39094
6834.09 1.39919
6834.74 1.40442
6835.39 1.40704
6836.04 1.40849
6836.69 1.41075
6837.34 1.41559
6837.99 1.42366
6838.64 1.43391
6839.29 1.44389
6839.94 1.45059
6840.59 1.45179
6841.24 1.44673
6841.89 1.43626
6842.54 1.42233
6843.19 1.40718
6843.83 1.39289
6844.48 1.38092
6845.13 1.37211
6845.78 1.36674
6846.43 1.36447
6847.08 1.36446
6847.73 1.36574
6848.38 1.36777
6849.03 1.37106
6849.68 1.37708
6850.33 1.38712
6850.98 1.4008
6851.63 1.41518
6852.28 1.42541
6852.93 1.42677
6853.58 1.41705
6854.23 1.39791
6854.88 1.37437
6855.53 1.35298
6856.18 1.33938
6856.83 1.3366
6857.47 1.34472
6858.12 1.36167
6858.77 1.38455
6859.42 1.41048
6860.07 1.43668
6860.72 1.46033
6861.37 1.47866
6862.02 1.48953
6862.67 1.49192
6863.32 1.48552
6863.97 1.46963
6864.62 1.44263
6865.27 1.40284
6865.92 1.35055
6866.57 1.28981
6867.22 1.22833
6867.87 1.1751
6868.52 1.13697
6869.17 1.1161
6869.82 1.10953
6870.46 1.1112
6871.11 1.11504
6871.76 1.11776
6872.41 1.11996
6873.06 1.12525
6873.71 1.13779
6874.36 1.15969
6875.01 1.18966
6875.66 1.2237
6876.31 1.25726
6876.96 1.28736
6877.61 1.31342
6878.26 1.33648
6878.91 1.35768
6879.56 1.37735
6880.21 1.39499
6880.86 1.40964
6881.51 1.42014
6882.16 1.42499
6882.81 1.42252
6883.46 1.41163
6884.1 1.39281
6884.75 1.36873
6885.4 1.34391
6886.05 1.32362
6886.7 1.31203
6887.35 1.31089
6888.0 1.31881
6888.65 1.33164
6889.3 1.34392
6889.95 1.35076
6890.6 1.34951
6891.25 1.34047
6891.9 1.32635
6892.55 1.31103
6893.2 1.29825
6893.85 1.29096
6894.5 1.2914
6895.15 1.30115
6895.8 1.32084
6896.45 1.34922
6897.1 1.3826
6897.74 1.41567
6898.39 1.44325
6899.04 1.46211
6899.69 1.47158
6900.34 1.47261
6900.99 1.46653
6901.64 1.45421
6902.29 1.4362
6902.94 1.41318
6903.59 1.38617
6904.24 1.35656
6904.89 1.32596
6905.54 1.29636
6906.19 1.27025
6906.84 1.25031
6907.49 1.23875
6908.14 1.23659
6908.79 1.24314
6909.44 1.25614
6910.09 1.27243
6910.73 1.28912
6911.38 1.3046
6912.03 1.31876
6912.68 1.33234
6913.33 1.34565
6913.98 1.35766
6914.63 1.36608
6915.28 1.36852
6915.93 1.36358
6916.58 1.35136
6917.23 1.33299
6917.88 1.30966
6918.53 1.2819
6919.18 1.24956
6919.83 1.21276
6920.48 1.17325
6921.13 1.13534
6921.78 1.10543
6922.43 1.08995
6923.08 1.09275
6923.73 1.11333
6924.37 1.14709
6925.02 1.18738
6925.67 1.22795
6926.32 1.26457
6926.97 1.29516
6927.62 1.31888
6928.27 1.33512
6928.92 1.34299
6929.57 1.34171
6930.22 1.33172
6930.87 1.31557
6931.52 1.29781
6932.17 1.28364
6932.82 1.27643
6933.47 1.27576
6934.12 1.27686
6934.77 1.27216
6935.42 1.25411
6936.07 1.21845
6936.72 1.16637
6937.36 1.10487
6938.01 1.045
6938.66 0.998345
6939.31 0.973173
6939.96 0.971815
6940.61 0.990411
6941.26 1.02097
6941.91 1.05458
6942.56 1.08413
6943.21 1.10574
6943.86 1.11847
6944.51 1.12318
6945.16 1.12114
6945.81 1.11325
6946.46 1.10007
6947.11 1.08259
6947.76 1.0631
6948.41 1.04541
6949.06 1.03379
6949.71 1.03114
6950.35 1.03741
6951.0 1.04965
6951.65 1.06375
6952.3 1.07664
6952.95 1.08773
6953.6 1.09841
6954.25 1.11054
6954.9 1.12489
6955.55 1.14074
6956.2 1.15632
6956.85 1.16945
6957.5 1.17798
6958.15 1.18011
6958.8 1.17511
6959.45 1.16423
6960.1 1.15111
6960.75 1.1407
6961.4 1.13706
6962.05 1.14114
6962.7 1.15048
6963.35 1.16096
6964.0 1.16953
6964.64 1.17566
6965.29 1.1806
6965.94 1.18507
6966.59 1.18773
6967.24 1.18597
6967.89 1.1783
6968.54 1.16632
6969.19 1.15409
6969.84 1.14518
6970.49 1.13984
6971.14 1.13486
6971.79 1.126
6972.44 1.11138
6973.09 1.09295
6973.74 1.07525
6974.39 1.06284
6975.04 1.05845
6975.69 1.06271
6976.34 1.07497
6976.99 1.09389
6977.63 1.11733
6978.28 1.1424
6978.93 1.16625
6979.58 1.1873
6980.23 1.20583
6980.88 1.22305
6981.53 1.23943
6982.18 1.25367
6982.83 1.26334
6983.48 1.26637
6984.13 1.26222
6984.78 1.25178
6985.43 1.23651
6986.08 1.21785
6986.73 1.19728
6987.38 1.17671
6988.03 1.15854
6988.68 1.14517
6989.33 1.13807
6989.98 1.13711
6990.63 1.14054
6991.27 1.14577
6991.92 1.15052
6992.57 1.15368
6993.22 1.15545
6993.87 1.15694
6994.52 1.1596
6995.17 1.16482
6995.82 1.17362
6996.47 1.18653
6997.12 1.2032
6997.77 1.22199
6998.42 1.23996
6999.07 1.2535
6999.72 1.25961
7000.37 1.25709
7001.02 1.2469
7001.67 1.23149
7002.32 1.21368
7002.97 1.19589
7003.62 1.1803
7004.27 1.16899
7004.91 1.16382
7005.56 1.16542
7006.21 1.17249
7006.86 1.18191
7007.51 1.18993
7008.16 1.19398
7008.81 1.19394
7009.46 1.19209
7010.11 1.19181
7010.76 1.19573
7011.41 1.20423
7012.06 1.21531
7012.71 1.2255
7013.36 1.23136
7014.01 1.23078
7014.66 1.22337
7015.31 1.21015
7015.96 1.19268
7016.61 1.17226
7017.26 1.14968
7017.9 1.12564
7018.55 1.10149
7019.2 1.07972
7019.85 1.06376
7020.5 1.0569
7021.15 1.06093
7021.8 1.07511
7022.45 1.09592
7023.1 1.11805
7023.75 1.13606
7024.4 1.14638
7025.05 1.14874
7025.7 1.14628
7026.35 1.14434
7027.0 1.14795
7027.65 1.15935
7028.3 1.1765
7028.95 1.19376
7029.6 1.20431
7030.25 1.20354
7030.9 1.19149
7031.54 1.17335
7032.19 1.15756
7032.84 1.1523
7033.49 1.16195
7034.14 1.18511
7034.79 1.21493
7035.44 1.24183
7036.09 1.25713
7036.74 1.25627
7037.39 1.24005
7038.04 1.21389
7038.69 1.18551
7039.34 1.16229
7039.99 1.14917
7040.64 1.14779
7041.29 1.15664
7041.94 1.17214
7042.59 1.18986
7043.24 1.20535
7043.89 1.21454
7044.53 1.21416
7045.18 1.20276
7045.83 1.18213
7046.48 1.15815
7047.13 1.13957
7047.78 1.13465
7048.43 1.14728
7049.08 1.17489
7049.73 1.20927
7050.38 1.23987
7051.03 1.25769
7051.68 1.25813
7052.33 1.2421
7052.98 1.21557
7053.63 1.18763
7054.28 1.16769
7054.93 1.16251
7055.58 1.17426
7056.23 1.20011
7056.88 1.23341
7057.52 1.26568
7058.17 1.28872
7058.82 1.29661
7059.47 1.28731
7060.12 1.26364
7060.77 1.23292
7061.42 1.20511
7062.07 1.1898
7062.72 1.19303
7063.37 1.21521
7064.02 1.25076
7064.67 1.28967
7065.32 1.32046
7065.97 1.3337
7066.62 1.32502
7067.27 1.29628
7067.92 1.25475
7068.57 1.21041
7069.22 1.17262
7069.87 1.14761
7070.52 1.13742
7071.17 1.14049
7071.81 1.15301
7072.46 1.17038
7073.11 1.18829
7073.76 1.20346
7074.41 1.21383
7075.06 1.21864
7075.71 1.21823
7076.36 1.21365
7077.01 1.20624
7077.66 1.19728
7078.31 1.18777
7078.96 1.17845
7079.61 1.16976
7080.26 1.16192
7080.91 1.15479
7081.56 1.14794
7082.21 1.14096
7082.86 1.13363
7083.51 1.12598
7084.16 1.11782
7084.8 1.10852
7085.45 1.09749
7086.1 1.08527
7086.75 1.07443
7087.4 1.0691
7088.05 1.07307
7088.7 1.08739
7089.35 1.10948
7090.0 1.13399
7090.65 1.15516
7091.3 1.169
7091.95 1.17397
7092.6 1.17063
7093.25 1.16078
7093.9 1.14701
7094.55 1.13273
7095.2 1.12206
7095.85 1.11878
7096.5 1.1246
7097.15 1.13751
7097.8 1.15155
7098.44 1.15873
7099.09 1.15245
7099.74 1.13071
7100.39 1.09737
7101.04 1.06051
7101.69 1.02878
7102.34 1.00799
7102.99 0.999522
7103.64 1.00101
7104.29 1.00861
7104.94 1.01889
7105.59 1.02965
7106.24 1.03977
7106.89 1.04882
7107.54 1.05688
7108.19 1.06425
7108.84 1.07091
7109.49 1.07589
7110.14 1.07716
7110.79 1.0725
7111.44 1.06093
7112.08 1.04374
7112.73 1.02421
7113.38 1.00615
7114.03 0.992081
7114.68 0.982212
7115.33 0.974815
7115.98 0.967638
7116.63 0.959216
7117.28 0.949415
7117.93 0.939089
7118.58 0.929532
7119.23 0.922195
7119.88 0.918426
7120.53 0.918911
7121.18 0.923005
7121.83 0.928543
7122.48 0.932797
7123.13 0.934372
7123.78 0.934731
7124.43 0.93818
7125.07 0.94987
7125.72 0.972896
7126.37 1.00617
7127.02 1.04436
7127.67 1.08002
7128.32 1.10679
7128.97 1.12186
7129.62 1.12642
7130.27 1.12388
7130.92 1.11733
7131.57 1.10789
7132.22 1.09517
7132.87 1.07893
7133.52 1.06055
7134.17 1.04281
7134.82 1.02861
7135.47 1.0197
7136.12 1.01648
7136.77 1.01842
7137.42 1.02449
7138.06 1.03315
7138.71 1.04204
7139.36 1.04832
7140.01 1.04962
7140.66 1.04501
7141.31 1.03545
7141.96 1.02347
7142.61 1.01258
7143.26 1.00651
7143.91 1.00862
7144.56 1.02095
7145.21 1.04323
7145.86 1.07201
7146.51 1.10098
7147.16 1.1228
7147.81 1.13176
7148.46 1.12621
7149.11 1.10921
7149.76 1.08704
7150.41 1.0662
7151.06 1.05053
7151.7 1.04015
7152.35 1.03272
7153.0 1.02608
7153.65 1.02036
7154.3 1.01809
7154.95 1.02238
7155.6 1.03427
7156.25 1.05132
7156.9 1.06846
7157.55 1.08077
7158.2 1.08623
7158.85 1.08681
7159.5 1.08703
7160.15 1.09098
7160.8 1.09948
7161.45 1.10933
7162.1 1.11502
7162.75 1.11221
7163.4 1.1007
7164.05 1.08519
7164.69 1.07292
7165.34 1.06954
7165.99 1.07565
7166.64 1.08619
7167.29 1.09332
7167.94 1.09092
7168.59 1.07807
7169.24 1.05948
7169.89 1.04271
7170.54 1.0341
7171.19 1.03564
7171.84 1.04461
7172.49 1.05565
7173.14 1.06378
7173.79 1.06673
7174.44 1.06538
7175.09 1.06274
7175.74 1.06198
7176.39 1.06469
7177.04 1.07001
7177.69 1.07484
7178.33 1.07516
7178.98 1.06785
7179.63 1.05244
7180.28 1.03198
7180.93 1.01269
7181.58 1.00221
7182.23 1.00668
7182.88 1.02808
7183.53 1.06282
7184.18 1.10276
7184.83 1.13822
7185.48 1.16158
7186.13 1.16995
7186.78 1.16561
7187.43 1.1544
7188.08 1.14283
7188.73 1.13542
7189.38 1.13304
7190.03 1.13316
7190.68 1.13147
7191.33 1.12418
7191.97 1.11001
7192.62 1.09086
7193.27 1.07122
7193.92 1.05637
7194.57 1.05037
7195.22 1.05423
7195.87 1.06535
7196.52 1.07843
7197.17 1.0875
7197.82 1.08802
7198.47 1.0783
7199.12 1.05977
7199.77 1.03642
7200.42 1.01395
7201.07 0.998517
7201.72 0.995291
7202.37 1.00673
7203.02 1.03139
7203.67 1.06371
7204.32 1.09546
7204.96 1.11845
7205.61 1.12775
7206.26 1.12396
7206.91 1.11334
7207.56 1.10534
7208.21 1.10863
7208.86 1.1276
7209.51 1.1608
7210.16 1.20186
7210.81 1.24196
7211.46 1.27247
7212.11 1.28705
7212.76 1.28293
7213.41 1.26164
7214.06 1.22856
7214.71 1.19138
7215.36 1.15772
7216.01 1.13313
7216.66 1.12014
7217.31 1.11873
7217.96 1.12726
7218.6 1.14289
7219.25 1.16149
7219.9 1.17794
7220.55 1.18734
7221.2 1.18713
7221.85 1.17867
7222.5 1.16705
7223.15 1.15883
7223.8 1.15898
7224.45 1.16867
7225.1 1.18512
7225.75 1.20349
7226.4 1.21934
7227.05 1.23015
7227.7 1.23516
7228.35 1.23422
7229.0 1.22691
7229.65 1.21278
7230.3 1.19232
7230.95 1.16778
7231.6 1.14282
7232.24 1.12141
7232.89 1.10674
7233.54 1.10065
7234.19 1.10396
7234.84 1.11671
7235.49 1.1379
7236.14 1.1647
7236.79 1.19189
7237.44 1.21261
7238.09 1.22069
7238.74 1.21357
7239.39 1.19439
7240.04 1.17152
7240.69 1.15534
7241.34 1.1538
7241.99 1.16883
7242.64 1.19573
7243.29 1.22532
7243.94 1.24773
7244.59 1.2558
7245.23 1.247
7245.88 1.22351
7246.53 1.19125
7247.18 1.15813
7247.83 1.13199
7248.48 1.1182
7249.13 1.1176
7249.78 1.12588
7250.43 1.13493
7251.08 1.13632
7251.73 1.12494
7252.38 1.10123
7253.03 1.07054
7253.68 1.04043
7254.33 1.01719
7254.98 1.0039
7255.63 1.00005
7256.28 1.00279
7256.93 1.00855
7257.58 1.01445
7258.23 1.01904
7258.87 1.02239
7259.52 1.02565
7260.17 1.03033
7260.82 1.03751
7261.47 1.04736
7262.12 1.05903
7262.77 1.07086
7263.42 1.08121
7264.07 1.08918
7264.72 1.09515
7265.37 1.1006
7266.02 1.10726
7266.67 1.11596
7267.32 1.12577
7267.97 1.13398
7268.62 1.137
7269.27 1.13148
7269.92 1.11544
7270.57 1.08869
7271.22 1.05257
7271.86 1.00918
7272.51 0.960726
7273.16 0.909577
7273.81 0.859067
7274.46 0.814184
7275.11 0.781117
7275.76 0.76538
7276.41 0.769719
7277.06 0.793058
7277.71 0.830887
7278.36 0.876532
7279.01 0.922316
7279.66 0.9606
7280.31 0.985329
7280.96 0.993908
7281.61 0.9883
7282.26 0.974177
7282.91 0.95819
7283.56 0.944962
7284.21 0.93557
7284.85 0.928507
7285.5 0.922052
7286.15 0.916302
7286.8 0.91369
7287.45 0.917734
7288.1 0.931049
7288.75 0.953718
7289.4 0.98284
7290.05 1.01329
7290.7 1.03951
7291.35 1.05754
7292.0 1.06631
7292.65 1.06743
7293.3 1.06378
7293.95 1.05768
7294.6 1.04992
7295.25 1.04039
7295.9 1.02931
7296.55 1.01828
7297.2 1.00999
7297.85 1.00713
7298.5 1.01112
7299.14 1.02183
7299.79 1.03833
7300.44 1.05989
7301.09 1.08637
7301.74 1.11743
7302.39 1.15119
7303.04 1.18335
7303.69 1.20784
7304.34 1.21901
7304.99 1.21418
7305.64 1.19511
7306.29 1.16725
7306.94 1.13739
7307.59 1.11081
7308.24 1.08958
7308.89 1.07267
7309.54 1.05769
7310.19 1.04297
7310.84 1.02891
7311.49 1.01796
7312.13 1.01366
7312.78 1.01902
7313.43 1.03506
7314.08 1.05966
7314.73 1.08725
7315.38 1.10974
7316.03 1.11916
7316.68 1.11103
7317.33 1.08695
7317.98 1.05473
7318.63 1.02551
7319.28 1.00917
7319.93 1.01042
7320.58 1.02736
7321.23 1.05312
7321.88 1.07934
7322.53 1.09949
7323.18 1.11055
7323.83 1.11235
7324.48 1.10576
7325.13 1.091
7325.77 1.06754
7326.42 1.03541
7327.07 0.997126
7327.72 0.958438
7328.37 0.92717
7329.02 0.91044
7329.67 0.911672
7330.32 0.929111
7330.97 0.956609
7331.62 0.986334
7332.27 1.01193
7332.92 1.03061
7333.57 1.04312
7334.22 1.05185
7334.87 1.05848
7335.52 1.06257
7336.17 1.06212
7336.82 1.05572
7337.47 1.04497
7338.12 1.03525
7338.77 1.03376
7339.41 1.04553
7340.06 1.06981
7340.71 1.09922
7341.36 1.12284
7342.01 1.13148
7342.66 1.12226
7343.31 1.09959
7343.96 1.07259
7344.61 1.05034
7345.26 1.0378
7345.91 1.03433
7346.56 1.0351
7347.21 1.03436
7347.86 1.02862
7348.51 1.01812
7349.16 1.00627
7349.81 0.997954
7350.46 0.997556
7351.11 1.00752
7351.76 1.02768
7352.4 1.05531
7353.05 1.08581
7353.7 1.11404
7354.35 1.13584
7355.0 1.14918
7355.65 1.15437
7356.3 1.15325
7356.95 1.14777
7357.6 1.13888
7358.25 1.12646
7358.9 1.1102
7359.55 1.09067
7360.2 1.06948
7360.85 1.04883
7361.5 1.03081
7362.15 1.01745
7362.8 1.01105
7363.45 1.01397
7364.1 1.02735
7364.75 1.04929
7365.4 1.07407
7366.04 1.09359
7366.69 1.1008
7367.34 1.09317
7367.99 1.07433
7368.64 1.0528
7369.29 1.0387
7369.94 1.03974
7370.59 1.05854
7371.24 1.0919
7371.89 1.13215
7372.54 1.16983
7373.19 1.19671
7373.84 1.20817
7374.49 1.20399
7375.14 1.18756
7375.79 1.16403
7376.44 1.13847
7377.09 1.11491
7377.74 1.09634
7378.39 1.0851
7379.03 1.08278
7379.68 1.08948
7380.33 1.10296
7380.98 1.11868
7381.63 1.13122
7382.28 1.13657
7382.93 1.13382
7383.58 1.12525
7384.23 1.11464
7384.88 1.1051
7385.53 1.09793
7386.18 1.09313
7386.83 1.09082
7387.48 1.09214
7388.13 1.09846
7388.78 1.10967
7389.43 1.12306
7390.08 1.13418
7390.73 1.13938
7391.38 1.13815
7392.02 1.13336
7392.67 1.12915
7393.32 1.12799
7393.97 1.12934
7394.62 1.13082
7395.27 1.13074
7395.92 1.12987
7396.57 1.1311
7397.22 1.13749
7397.87 1.15044
7398.52 1.16895
7399.17 1.19033
7399.82 1.21112
7400.47 1.22805
7401.12 1.23852
7401.77 1.24142
7402.42 1.2377
7403.07 1.23024
7403.72 1.2227
7404.37 1.21763
7405.02 1.21504
7405.67 1.21226
7406.31 1.20526
7406.96 1.1908
7407.61 1.16845
7408.26 1.14119
7408.91 1.11428
7409.56 1.09287
7410.21 1.07972
7410.86 1.07437
7411.51 1.07417
7412.16 1.07646
7412.81 1.08022
7413.46 1.08623
7414.11 1.09576
7414.76 1.10889
7415.41 1.12384
7416.06 1.13782
7416.71 1.14852
7417.36 1.1553
7418.01 1.15898
7418.66 1.16074
7419.3 1.16107
7419.95 1.15979
7420.6 1.15676
7421.25 1.15267
7421.9 1.14893
7422.55 1.14671
7423.2 1.14581
7423.85 1.14444
7424.5 1.14018
7425.15 1.13167
7425.8 1.1198
7426.45 1.10755
7427.1 1.09845
7427.75 1.09463
7428.4 1.09578
7429.05 1.09966
7429.7 1.10381
7430.35 1.10689
7431.0 1.10886
7431.65 1.10986
7432.3 1.109
7432.94 1.10427
7433.59 1.09369
7434.24 1.07681
7434.89 1.05546
7435.54 1.03299
7436.19 1.01295
7436.84 0.99789
7437.49 0.989109
7438.14 0.987028
7438.79 0.99151
7439.44 1.00177
7440.09 1.01611
7440.74 1.03202
7441.39 1.04695
7442.04 1.05938
7442.69 1.06947
7443.34 1.07864
7443.99 1.08854
7444.64 1.09992
7445.29 1.11226
7445.94 1.12417
7446.58 1.13435
7447.23 1.14216
7447.88 1.1475
7448.53 1.15018
7449.18 1.14926
7449.83 1.14314
7450.48 1.13035
7451.13 1.11071
7451.78 1.08606
7452.43 1.05997
7453.08 1.03666
7453.73 1.0195
7454.38 1.01003
7455.03 1.00753
7455.68 1.0096
7456.33 1.01323
7456.98 1.01611
7457.63 1.01735
7458.28 1.01749
7458.93 1.01772
7459.57 1.01893
7460.22 1.02107
7460.87 1.02305
7461.52 1.02313
7462.17 1.01966
7462.82 1.01187
7463.47 1.00056
7464.12 0.987941
7464.77 0.976715
7465.42 0.968843
7466.07 0.964823
7466.72 0.964016
7467.37 0.965705
7468.02 0.969991
7468.67 0.977817
7469.32 0.99005
7469.97 1.00655
7470.62 1.02594
7471.27 1.04629
7471.92 1.06602
7472.56 1.08419
7473.21 1.09967
7473.86 1.11022
7474.51 1.11242
7475.16 1.10313
7475.81 1.08175
7476.46 1.05174
7477.11 1.02035
7477.76 0.99623
7478.41 0.986082
7479.06 0.992043
7479.71 1.01094
7480.36 1.03588
7481.01 1.05928
7481.66 1.07584
7482.31 1.08401
7482.96 1.08556
7483.61 1.08362
7484.26 1.08051
7484.91 1.07668
7485.56 1.07121
7486.2 1.06339
7486.85 1.05433
7487.5 1.04741
7488.15 1.04724
7488.8 1.05771
7489.45 1.08018
7490.1 1.11245
7490.75 1.14905
7491.4 1.18265
7492.05 1.20612
7492.7 1.21478
7493.35 1.20774
7494.0 1.18786
7494.65 1.16029
7495.3 1.13045
7495.95 1.10256
7496.6 1.07942
7497.25 1.06299
7497.9 1.0549
7498.55 1.05617
7499.19 1.06648
7499.84 1.0836
7500.49 1.10372
7501.14 1.12237
7501.79 1.13566
7502.44 1.14114
7503.09 1.13816
7503.74 1.12798
7504.39 1.11337
7505.04 1.09783
7505.69 1.08442
7506.34 1.07466
7506.99 1.06817
7507.64 1.06325
7508.29 1.05814
7508.94 1.05217
7509.59 1.04611
7510.24 1.04159
7510.89 1.04016
7511.54 1.04238
7512.19 1.04772
7512.83 1.05489
7513.48 1.06244
7514.13 1.06913
7514.78 1.07403
7515.43 1.07647
7516.08 1.07603
7516.73 1.07255
7517.38 1.06617
7518.03 1.05754
7518.68 1.04808
7519.33 1.04035
7519.98 1.03787
7520.63 1.04418
7521.28 1.06097
7521.93 1.08656
7522.58 1.11569
7523.23 1.14121
7523.88 1.15722
7524.53 1.16166
7525.18 1.15723
7525.83 1.14964
7526.47 1.14465
7527.12 1.14543
7527.77 1.15161
7528.42 1.1601
7529.07 1.16702
7529.72 1.16948
7530.37 1.16656
7531.02 1.15914
7531.67 1.14921
7532.32 1.13907
7532.97 1.13111
7533.62 1.12749
7534.27 1.12988
7534.92 1.13877
7535.57 1.15304
7536.22 1.17
7536.87 1.18615
7537.52 1.19798
7538.17 1.20295
7538.82 1.20016
7539.46 1.19081
7540.11 1.17778
7540.76 1.16454
7541.41 1.15365
7542.06 1.14609
7542.71 1.1417
7543.36 1.14033
7544.01 1.14225
7544.66 1.14762
7545.31 1.15555
7545.96 1.16399
7546.61 1.17071
7547.26 1.17483
7547.91 1.17753
7548.56 1.18129
7549.21 1.18813
7549.86 1.19806
7550.51 1.20864
7551.16 1.21617
7551.81 1.21761
7552.46 1.21217
7553.1 1.20172
7553.75 1.18995
7554.4 1.18082
7555.05 1.17695
7555.7 1.17864
7556.35 1.18374
7557.0 1.18847
7557.65 1.189
7558.3 1.18327
7558.95 1.17194
7559.6 1.15809
7560.25 1.14595
7560.9 1.13917
7561.55 1.13964
7562.2 1.14711
7562.85 1.15949
7563.5 1.17357
7564.15 1.18608
7564.8 1.19453
7565.45 1.19784
7566.1 1.19624
7566.74 1.19096
7567.39 1.18359
7568.04 1.17557
7568.69 1.16783
7569.34 1.16062
7569.99 1.15395
7570.64 1.14817
7571.29 1.14423
7571.94 1.14345
7572.59 1.14658
7573.24 1.15317
7573.89 1.16149
7574.54 1.16936
7575.19 1.17508
7575.84 1.17823
7576.49 1.17963
7577.14 1.18082
7577.79 1.18333
7578.44 1.18808
7579.09 1.19531
7579.73 1.20486
7580.38 1.21653
7581.03 1.23022
7581.68 1.24584
7582.33 1.26308
7582.98 1.28102
7583.63 1.29785
7584.28 1.31105
7584.93 1.31803
7585.58 1.31734
7586.23 1.30935
7586.88 1.2961
7587.53 1.28005
7588.18 1.26261
7588.83 1.24345
7589.48 1.22084
7590.13 1.19258
7590.78 1.15692
7591.43 1.11291
7592.08 1.06038
7592.73 0.999953
7593.37 0.933135
7594.02 0.862176
7594.67 0.789593
7595.32 0.717432
7595.97 0.647094
7596.62 0.579959
7597.27 0.518466
7597.92 0.466553
7598.57 0.428619
7599.22 0.407378
7599.87 0.401988
7600.52 0.407807
7601.17 0.418061
7601.82 0.426488
7602.47 0.429521
7603.12 0.427024
7603.77 0.421491
7604.42 0.416385
7605.07 0.414495
7605.72 0.41707
7606.36 0.423899
7607.01 0.4341
7607.66 0.447006
7608.31 0.462613
7608.96 0.481312
7609.61 0.503338
7610.26 0.528386
7610.91 0.555853
7611.56 0.585512
7612.21 0.618133
7612.86 0.655601
7613.51 0.700341
7614.16 0.754183
7614.81 0.817001
7615.46 0.885563
7616.11 0.953392
7616.76 1.01202
7617.41 1.05349
7618.06 1.07283
7618.71 1.06936
7619.35 1.04609
7620.0 1.00825
7620.65 0.961747
7621.3 0.912593
7621.95 0.866939
7622.6 0.83072
7623.25 0.808315
7623.9 0.800747
7624.55 0.804794
7625.2 0.814292
7625.85 0.823131
7626.5 0.827882
7627.15 0.828197
7627.8 0.824843
7628.45 0.817527
7629.1 0.804698
7629.75 0.785509
7630.4 0.761904
7631.05 0.738617
7631.7 0.720814
7632.35 0.711327
7633.0 0.709942
7633.64 0.71505
7634.29 0.725821
7634.94 0.742629
7635.59 0.765275
7636.24 0.790812
7636.89 0.813469
7637.54 0.827368
7638.19 0.830172
7638.84 0.824845
7639.49 0.817962
7640.14 0.815643
7640.79 0.820057
7641.44 0.828978
7642.09 0.838526
7642.74 0.846915
7643.39 0.856152
7644.04 0.870585
7644.69 0.893208
7645.34 0.922603
7645.99 0.952836
7646.63 0.976538
7647.28 0.989169
7647.93 0.991669
7648.58 0.989772
7649.23 0.990484
7649.88 0.998009
7650.53 1.01166
7651.18 1.02685
7651.83 1.03845
7652.48 1.0442
7653.13 1.0461
7653.78 1.04908
7654.43 1.0578
7655.08 1.07359
7655.73 1.09334
7656.38 1.11093
7657.03 1.12044
7657.68 1.11916
7658.33 1.10901
7658.98 1.09531
7659.63 1.08419
7660.27 1.0797
7660.92 1.08255
7661.57 1.09052
7662.22 1.1002
7662.87 1.10875
7663.52 1.11504
7664.17 1.11962
7664.82 1.12404
7665.47 1.12985
7666.12 1.13764
7666.77 1.14651
7667.42 1.15429
7668.07 1.15827
7668.72 1.15649
7669.37 1.14898
7670.02 1.13823
7670.67 1.12865
7671.32 1.12479
7671.97 1.12926
7672.62 1.14128
7673.27 1.15687
7673.91 1.17074
7674.56 1.17873
7675.21 1.17946
7675.86 1.17441
7676.51 1.16665
7677.16 1.15916
7677.81 1.15361
7678.46 1.15009
7679.11 1.14767
7679.76 1.14534
7680.41 1.14286
7681.06 1.14084
7681.71 1.14027
7682.36 1.14164
7683.01 1.14447
7683.66 1.14742
7684.31 1.14889
7684.96 1.14771
7685.61 1.14347
7686.26 1.1364
7686.9 1.12705
7687.55 1.11629
7688.2 1.10546
7688.85 1.09667
7689.5 1.09257
7690.15 1.09551
7690.8 1.1065
7691.45 1.12466
7692.1 1.14754
7692.75 1.17198
7693.4 1.19492
7694.05 1.21393
7694.7 1.22731
7695.35 1.2341
7696.0 1.23413
7696.65 1.22818
7697.3 1.2181
7697.95 1.20664
7698.6 1.19679
7699.25 1.1908
7699.9 1.18935
7700.54 1.19165
7701.19 1.19626
7701.84 1.20205
7702.49 1.20844
7703.14 1.21479
7703.79 1.21974
7704.44 1.22124
7705.09 1.21732
7705.74 1.20722
7706.39 1.19211
7707.04 1.17512
7707.69 1.16075
7708.34 1.15367
7708.99 1.15759
7709.64 1.17398
7710.29 1.20157
7710.94 1.23637
7711.59 1.27259
7712.24 1.30405
7712.89 1.32581
7713.53 1.33513
7714.18 1.33168
7714.83 1.31692
7715.48 1.29332
7716.13 1.26386
7716.78 1.2319
7717.43 1.20114
7718.08 1.17535
7718.73 1.15782
7719.38 1.15053
7720.03 1.15362
7720.68 1.16512
7721.33 1.18164
7721.98 1.19914
7722.63 1.21403
7723.28 1.22396
7723.93 1.2284
7724.58 1.22869
7725.23 1.22758
7725.88 1.22824
7726.52 1.23294
7727.17 1.24223
7727.82 1.25477
7728.47 1.26798
7729.12 1.27894
7729.77 1.28527
7730.42 1.2857
7731.07 1.28025
7731.72 1.2702
7732.37 1.25781
7733.02 1.24572
7733.67 1.23623
7734.32 1.23053
7734.97 1.22838
7735.62 1.22813
7736.27 1.22737
7736.92 1.22376
7737.57 1.2159
7738.22 1.20396
7738.87 1.18978
7739.52 1.17647
7740.17 1.16748
7740.81 1.16557
7741.46 1.17186
7742.11 1.18532
7742.76 1.20282
7743.41 1.22014
7744.06 1.2337
7744.71 1.24238
7745.36 1.24835
7746.01 1.25591
7746.66 1.26865
7747.31 1.28635
7747.96 1.30383
7748.61 1.31282
7749.26 1.30621
7749.91 1.2823
7750.56 1.24655
7751.21 1.20957
7751.86 1.18272
7752.51 1.17373
7753.16 1.1845
7753.8 1.21132
7754.45 1.24685
7755.1 1.28252
7755.75 1.31089
7756.4 1.32758
7757.05 1.33232
7757.7 1.32875
7758.35 1.3227
7759.0 1.31958
7759.65 1.3221
7760.3 1.32944
7760.95 1.33845
7761.6 1.34577
7762.25 1.34977
7762.9 1.35098
7763.55 1.35113
7764.2 1.35163
7764.85 1.3525
7765.5 1.35238
7766.15 1.34947
7766.79 1.3427
7767.44 1.33253
7768.09 1.32093
7768.74 1.31078
7769.39 1.305
7770.04 1.30553
7770.69 1.3124
7771.34 1.3231
7771.99 1.33293
7772.64 1.33653
7773.29 1.33033
7773.94 1.3146
7774.59 1.29352
7775.24 1.27321
7775.89 1.25884
7776.54 1.25251
7777.19 1.25303
7777.84 1.25707
7778.49 1.26096
7779.14 1.26193
7779.79 1.25857
7780.44 1.25094
7781.08 1.24042
7781.73 1.22952
7782.38 1.22138
7783.03 1.21878
7783.68 1.22293
7784.33 1.23276
7784.98 1.24526
7785.63 1.25702
7786.28 1.26609
7786.93 1.27292
7787.58 1.27966
7788.23 1.28843
7788.88 1.29957
7789.53 1.31115
7790.18 1.31992
7790.83 1.32306
7791.48 1.31947
7792.13 1.31019
7792.78 1.29776
7793.43 1.28515
7794.07 1.27477
7794.72 1.26779
7795.37 1.26407
7796.02 1.26253
7796.67 1.26187
7797.32 1.26111
7797.97 1.25958
7798.62 1.25676
7799.27 1.25215
7799.92 1.24562
7800.57 1.23778
7801.22 1.23004
7801.87 1.22423
7802.52 1.22181
7803.17 1.22318
7803.82 1.22732
7804.47 1.23224
7805.12 1.23607
7805.77 1.2383
7806.42 1.24045
7807.06 1.2453
7807.71 1.25504
7808.36 1.26941
7809.01 1.28502
7809.66 1.29666
7810.31 1.29966
7810.96 1.29199
7811.61 1.27497
7812.26 1.25233
7812.91 1.2285
7813.56 1.20725
7814.21 1.19113
7814.86 1.18166
7815.51 1.17961
7816.16 1.1852
7816.81 1.19808
7817.46 1.21728
7818.11 1.24091
7818.76 1.26568
7819.41 1.28693
7820.06 1.2996
7820.7 1.30051
7821.35 1.29053
7822.0 1.27503
7822.65 1.26165
7823.3 1.25681
7823.95 1.26283
7824.6 1.27737
7825.25 1.29493
7825.9 1.30924
7826.55 1.31546
7827.2 1.31156
7827.85 1.29891
7828.5 1.28162
7829.15 1.26498
7829.8 1.25328
7830.45 1.24828
7831.1 1.24883
7831.75 1.25196
7832.4 1.25468
7833.05 1.2553
7833.69 1.25382
7834.34 1.25143
7834.99 1.24931
7835.64 1.24764
7836.29 1.24515
7836.94 1.23955
7837.59 1.2287
7838.24 1.212
7838.89 1.19124
7839.54 1.17009
7840.19 1.15241
7840.84 1.14026
7841.49 1.13275
7842.14 1.12666
7842.79 1.1186
7843.44 1.1073
7844.09 1.09451
7844.74 1.08389
7845.39 1.0784
7846.04 1.07817
7846.69 1.07998
7847.33 1.07867
7847.98 1.06971
7848.63 1.05117
7849.28 1.02445
7849.93 0.99369
7850.58 0.964636
7851.23 0.943584
7851.88 0.936378
7852.53 0.947032
7853.18 0.976217
7853.83 1.02046
7854.48 1.07302
7855.13 1.12632
7855.78 1.17444
7856.43 1.21409
7857.08 1.2438
7857.73 1.26257
7858.38 1.26937
7859.03 1.26418
7859.68 1.24928
7860.33 1.22949
7860.97 1.21058
7861.62 1.19687
7862.27 1.18925
7862.92 1.18499
7863.57 1.17911
7864.22 1.16665
7864.87 1.1446
7865.52 1.11296
7866.17 1.07471
7866.82 1.03477
7867.47 0.99857
7868.12 0.970527
7868.77 0.953179
7869.42 0.946982
7870.07 0.950765
7870.72 0.962305
7871.37 0.978651
7872.02 0.996391
7872.67 1.01206
7873.32 1.02301
7873.96 1.02851
7874.61 1.03028
7875.26 1.03197
7875.91 1.03746
7876.56 1.0489
7877.21 1.0654
7877.86 1.08334
7878.51 1.09797
7879.16 1.10525
7879.81 1.10299
7880.46 1.09106
7881.11 1.07129
7881.76 1.04734
7882.41 1.0242
7883.06 1.0068
7883.71 0.997565
7884.36 0.994544
7885.01 0.991379
7885.66 0.98
7886.31 0.954736
7886.96 0.915572
7887.6 0.868519
7888.25 0.822939
7888.9 0.787416
7889.55 0.766638
7890.2 0.760699
7890.85 0.766671
7891.5 0.780783
7892.15 0.799851
7892.8 0.821554
7893.45 0.844032
7894.1 0.865497
7894.75 0.884179
7895.4 0.898599
7896.05 0.90801
7896.7 0.912791
7897.35 0.914557
7898.0 0.915598
7898.65 0.917762
7899.3 0.921344
7899.95 0.924997
7900.6 0.926906
7901.24 0.926416
7901.89 0.924785
7902.54 0.924254
7903.19 0.926021
7903.84 0.928842
7904.49 0.929513
7905.14 0.925185
7905.79 0.915553
7906.44 0.903149
7907.09 0.891366
7907.74 0.881522
7908.39 0.87146
7909.04 0.856938
7909.69 0.835017
7910.34 0.807059
7910.99 0.779113
7911.64 0.759291
7912.29 0.753671
7912.94 0.763393
7913.59 0.784514
7914.23 0.810317
7914.88 0.834322
7915.53 0.85205
7916.18 0.860957
7916.83 0.859534
7917.48 0.846702
7918.13 0.822475
7918.78 0.789457
7919.43 0.753853
7920.08 0.724584
7920.73 0.710266
7921.38 0.715631
7922.03 0.739543
7922.68 0.775691
7923.33 0.815348
7923.98 0.850614
7924.63 0.876479
7925.28 0.891416
7925.93 0.897023
7926.58 0.897021
7927.23 0.895688
7927.87 0.896001
7928.52 0.898224
7929.17 0.899812
7929.82 0.897029
7930.47 0.887427
7931.12 0.871551
7931.77 0.852698
7932.42 0.834791
7933.07 0.819798
7933.72 0.806684
7934.37 0.79256
7935.02 0.775224
7935.67 0.755222
7936.32 0.735995
7936.97 0.72234
7937.62 0.718216
7938.27 0.725289
7938.92 0.742732
7939.57 0.767892
7940.22 0.797251
7940.86 0.827172
7941.51 0.854451
7942.16 0.876707
7942.81 0.892736
7943.46 0.902585
7944.11 0.907317
7944.76 0.90845
7945.41 0.907335
7946.06 0.904621
7946.71 0.900046
7947.36 0.892628
7948.01 0.881361
7948.66 0.866216
7949.31 0.84901
7949.96 0.833374
7950.61 0.823434
7951.26 0.821878
7951.91 0.828609
7952.56 0.840815
7953.21 0.854267
7953.85 0.864826
7975.94 0.894541
7976.59 0.902427
7977.24 0.901058
7977.89 0.887482
7978.54 0.863043
7979.19 0.833971
7979.84 0.809659
7980.49 0.799267
7981.13 0.808117
7981.78 0.835413
7982.43 0.874246
7983.08 0.913976
7983.73 0.944133
7984.38 0.958037
7985.03 0.954655
7985.68 0.937895
7986.33 0.914229
7986.98 0.890239
7987.63 0.871012
7988.28 0.859595
7988.93 0.856807
7989.58 0.861439
7990.23 0.870866
7990.88 0.882432
7991.53 0.89484
7992.18 0.908541
7992.83 0.924589
7993.48 0.942764
7994.13 0.960585
7994.77 0.974145
7995.42 0.98039
7996.07 0.979084
7996.72 0.973127
7997.37 0.966822
7998.02 0.96335
7998.67 0.963126
7999.32 0.964057
7999.97 0.963279
8000.62 0.959047
8001.27 0.951379
8001.92 0.941411
8002.57 0.930297
8003.22 0.918879
8003.87 0.908281
8004.52 0.900735
8005.17 0.899463
8005.82 0.907428
8006.47 0.925571
8007.12 0.951877
8007.77 0.982095
8008.41 1.01179
8009.06 1.03854
8009.71 1.06286
8010.36 1.08705
8011.01 1.11261
8011.66 1.13786
8012.31 1.15736
8012.96 1.16391
8013.61 1.15239
8014.26 1.12292
8014.91 1.08123
8015.56 1.0358
8016.21 0.993536
8016.86 0.956983
8017.51 0.924905
8018.16 0.895111
8018.81 0.867344
8019.46 0.843796
8020.11 0.827447
8020.76 0.819714
8021.4 0.819381
8022.05 0.823285
8022.7 0.828073
8023.35 0.831776
8024.0 0.834518
8024.65 0.838338
8025.3 0.846139
8025.95 0.860176
8026.6 0.880723
8027.25 0.905734
8027.9 0.931745
8028.55 0.955423
8029.2 0.97459
8029.85 0.988036
8030.5 0.994769
8031.15 0.993742
8031.8 0.984647
8032.45 0.968946
8033.1 0.949978
8033.75 0.931476
8034.4 0.915579
8035.04 0.901654
8035.69 0.887277
8036.34 0.870645
8036.99 0.852753
8037.64 0.837488
8038.29 0.829549
8038.94 0.831558
8039.59 0.84234
8040.24 0.857229
8040.89 0.869972
8041.54 0.875081
8042.19 0.869707
8042.84 0.85461
8043.49 0.834027
8044.14 0.814373
8044.79 0.802089
8045.44 0.801595
8046.09 0.81415
8046.74 0.837984
8047.39 0.869214
8048.03 0.902843
8048.68 0.933751
8049.33 0.957521
8049.98 0.971096
8050.63 0.973058
8051.28 0.963671
8051.93 0.944824
8052.58 0.920087
8053.23 0.894458
8053.88 0.873455
8054.53 0.861465
8055.18 0.860345
8055.83 0.868975
8056.48 0.884066
8057.13 0.901449
8057.78 0.917355
8058.43 0.929238
8059.08 0.936197
8059.73 0.938895
8060.38 0.93889
8061.02 0.9375
8061.67 0.934746
8062.32 0.92927
8062.97 0.919369
8063.62 0.904613
8064.27 0.886934
8064.92 0.870207
8065.57 0.858608
8066.22 0.854717
8066.87 0.85849
8067.52 0.867667
8068.17 0.879187
8068.82 0.890422
8069.47 0.899638
8070.12 0.905606
8070.77 0.90703
8071.42 0.902368
8072.07 0.890237
8072.72 0.870268
8073.37 0.844095
8074.02 0.815715
8074.67 0.790922
8075.31 0.775612
8075.96 0.773756
8076.61 0.785909
8077.26 0.808979
8077.91 0.837195
8078.56 0.863628
8079.21 0.88155
8079.86 0.885458
8080.51 0.871911
8081.16 0.840414
8081.81 0.793931
8082.46 0.738772
8083.11 0.683467
8083.76 0.637008
8084.41 0.606921
8085.06 0.597674
8085.71 0.609662
8086.36 0.638903
8087.01 0.677702
8087.66 0.716511
8088.3 0.746791
8088.95 0.763796
8089.6 0.767828
8090.25 0.763209
8090.9 0.755481
8091.55 0.748536
8092.2 0.743173
8092.85 0.737617
8093.5 0.729247
8094.15 0.716217
8094.8 0.698298
8095.45 0.676808
8096.1 0.654163
8096.75 0.633458
8097.4 0.61801
8098.05 0.610855
8098.7 0.613936
8099.35 0.627262
8100.0 0.648422
8100.65 0.673133
8101.29 0.696824
8101.94 0.71669
8102.59 0.732936
8103.24 0.748084
8103.89 0.764515
8104.54 0.781854
8105.19 0.796175
8105.84 0.802074
8106.49 0.796278
8107.14 0.780447
8107.79 0.761055
8108.44 0.746266
8109.09 0.741689
8109.74 0.747532
8110.39 0.758853
8111.04 0.768521
8111.69 0.771171
8112.34 0.765771
8112.99 0.755637
8113.64 0.746223
8114.29 0.742037
8114.94 0.744446
8115.58 0.751383
8116.23 0.758745
8116.88 0.762499
8117.53 0.760478
8118.18 0.753136
8118.83 0.743172
8119.48 0.734288
8120.13 0.729428
8120.78 0.729308
8121.43 0.731999
8122.08 0.734039
8122.73 0.732764
8123.38 0.728303
8124.03 0.72384
8124.68 0.72365
8125.33 0.7302
8125.98 0.742383
8126.63 0.756206
8127.28 0.767289
8127.93 0.773413
8128.57 0.775433
8129.22 0.776171
8129.87 0.778253
8130.52 0.78236
8131.17 0.786754
8131.82 0.788231
8132.47 0.783992
8133.12 0.773461
8133.77 0.758917
8134.42 0.744552
8135.07 0.734558
8135.72 0.731264
8136.37 0.734414
8137.02 0.741698
8137.67 0.750073
8138.32 0.757067
8138.97 0.761514
8139.62 0.763586
8140.27 0.764176
8140.92 0.764104
8141.56 0.763631
8142.21 0.762509
8142.86 0.760376
8143.51 0.757149
8144.16 0.752953
8144.81 0.74787
8145.46 0.74196
8146.11 0.735824
8146.76 0.731331
8147.41 0.731733
8148.06 0.740673
8148.71 0.760328
8149.36 0.789745
8150.01 0.824572
8150.66 0.858399
8151.31 0.884865
8151.96 0.899512
8152.61 0.900717
8153.26 0.889798
8153.91 0.870566
8154.56 0.848258
8155.2 0.827761
8155.85 0.811678
8156.5 0.799348
8157.15 0.787593
8157.8 0.772963
8158.45 0.754025
8159.1 0.732424
8159.75 0.712091
8160.4 0.697466
8161.05 0.691803
8161.7 0.696217
8162.35 0.709596
8163.0 0.72903
8163.65 0.750488
8164.3 0.769625
8164.95 0.782771
8165.6 0.787954
8166.25 0.785645
8166.9 0.7788
8167.55 0.771981
8168.19 0.769674
8168.84 0.774423
8169.49 0.785761
8170.14 0.800439
8170.79 0.813969
8171.44 0.82275
8172.09 0.825754
8172.74 0.824972
8173.39 0.824399
8174.04 0.827932
8174.69 0.837246
8175.34 0.850668
8175.99 0.863889
8176.64 0.872005
8177.29 0.871667
8177.94 0.862128
8178.59 0.844865
8179.24 0.822655
8179.89 0.799165
8180.54 0.77913
8181.19 0.768162
8181.83 0.771269
8182.48 0.790237
8183.13 0.821707
8183.78 0.857701
8184.43 0.888773
8185.08 0.908129
8185.73 0.914225
8186.38 0.910416
8187.03 0.902295
8187.68 0.894728
8188.33 0.890246
8188.98 0.889046
8189.63 0.889748
8190.28 0.890026
8190.93 0.887054
8191.58 0.878229
8192.23 0.862265
8192.88 0.840112
8193.53 0.814945
8194.18 0.791043
8194.83 0.772151
8195.47 0.760353
8196.12 0.75592
8196.77 0.75782
8197.42 0.764267
8198.07 0.77319
8198.72 0.782753
8199.37 0.791945
8200.02 0.801035
8200.67 0.811504
8201.32 0.825364
8201.97 0.844062
8202.62 0.86746
8203.27 0.893271
8203.92 0.917311
8204.57 0.934735
8205.22 0.941979
8205.87 0.938489
8206.52 0.927362
8207.17 0.914378
8207.82 0.905775
8208.46 0.905766
8209.11 0.914938
8209.76 0.930097
8210.41 0.945723
8211.06 0.956394
8211.71 0.959045
8212.36 0.95398
8213.01 0.944193
8213.66 0.933569
8214.31 0.92511
8214.96 0.920255
8215.61 0.919239
8216.26 0.921768
8216.91 0.927252
8217.56 0.934476
8218.21 0.94137
8218.86 0.945367
8219.51 0.94438
8220.16 0.937977
8220.81 0.927978
8221.46 0.917944
8222.1 0.91166
8222.75 0.911187
8223.4 0.915502
8224.05 0.920627
8224.7 0.921371
8225.35 0.913789
8226.0 0.897177
8226.65 0.874514
8227.3 0.851255
8227.95 0.833202
8228.6 0.824375
8229.25 0.825878
8229.9 0.836067
8230.55 0.851661
8231.2 0.868834
8231.85 0.883879
8232.5 0.893494
8233.15 0.895356
8233.8 0.889122
8234.45 0.877305
8235.09 0.865109
8235.75 0.858729
8236.39 0.86277
8237.04 0.878025
8237.69 0.900927
8238.34 0.924916
8238.99 0.943149
8239.64 0.951244
8240.29 0.948747
8240.94 0.938742
8241.59 0.925979
8242.24 0.914607
8242.89 0.906752
8243.54 0.902414
8244.19 0.900277
8244.84 0.898811
8245.49 0.897019
8246.14 0.894671
8246.79 0.892242
8247.44 0.89073
8248.08 0.891269
8248.74 0.894707
8249.38 0.901381
8250.03 0.911277
8250.68 0.924364
8251.33 0.940643
8251.98 0.959591
8252.63 0.979313
8253.28 0.996314
8253.93 1.00642
8254.58 1.00663
8255.23 0.996641
8255.88 0.979023
8256.53 0.957863
8257.18 0.936941
8257.83 0.918718
8258.48 0.904545
8259.13 0.895517
8259.78 0.892926
8260.43 0.897688
8261.08 0.909148
8261.73 0.924292
8262.37 0.938265
8263.02 0.946084
8263.67 0.944628
8264.32 0.933807
8264.97 0.916358
8265.62 0.896594
8266.27 0.878964
8266.92 0.867042
8267.57 0.862932
8268.22 0.866895
8268.87 0.877194
8269.52 0.890454
8270.17 0.902719
8270.82 0.910776
8271.47 0.913091
8272.12 0.909783
8272.77 0.901796
8273.42 0.890254
8274.07 0.876508
8274.72 0.862798
8275.37 0.852338
8276.01 0.848166
8276.66 0.851031
8277.31 0.857773
8277.96 0.861927
8278.61 0.856632
8279.26 0.838305
8279.91 0.808788
8280.56 0.774639
8281.21 0.74391
8281.86 0.722398
8282.51 0.711519
8283.16 0.708503
8283.81 0.708663
8284.46 0.70819
8285.11 0.706088
8285.76 0.70433
8286.41 0.706181
8287.06 0.713663
8287.71 0.725605
8288.36 0.737798
8289.0 0.745322
8289.65 0.745569
8290.3 0.74014
8290.95 0.734282
8291.6 0.734068
8292.25 0.743206
8292.9 0.761303
8293.55 0.784486
8294.2 0.807835
8294.85 0.827989
8295.5 0.844485
8296.15 0.859158
8296.8 0.874243
8297.45 0.890675
8298.1 0.907368
8298.75 0.921728
8299.4 0.930947
8300.05 0.932906
8300.7 0.92633
8301.35 0.910539
8302.0 0.885591
8302.64 0.853091
8303.29 0.816865
8303.94 0.782799
8304.59 0.75729
8305.24 0.745273
8305.89 0.748884
8306.54 0.767405
8307.19 0.798104
8307.84 0.837146
8308.49 0.87961
8309.14 0.919199
8309.79 0.948601
8310.44 0.961173
8311.09 0.95347
8311.74 0.927043
8312.39 0.888197
8313.04 0.845793
8313.69 0.808183
8314.34 0.780947
8314.99 0.765979
8315.63 0.761948
8316.28 0.765547
8316.93 0.772933
8317.58 0.780928
8318.23 0.787858
8318.88 0.793924
8319.53 0.801015
8320.18 0.811575
8320.83 0.826805
8321.48 0.844975
8322.13 0.86114
8322.78 0.868694
8323.43 0.86215
8324.08 0.839588
8324.73 0.803713
8325.38 0.761288
8326.03 0.721362
8326.68 0.692801
8327.33 0.681624
8327.98 0.688914
8328.62 0.710471
8329.27 0.738679
8329.92 0.765945
8330.57 0.787777
8331.22 0.803731
8331.87 0.81582
8332.52 0.825598
8333.17 0.832147
8333.82 0.832491
8334.47 0.824202
8335.12 0.808298
8335.77 0.790064
8336.42 0.776949
8337.07 0.774801
8337.72 0.784438
8338.37 0.801222
8339.02 0.816794
8339.67 0.821918
8340.32 0.809049
8340.97 0.774354
8341.62 0.719585
8342.26 0.65322
8342.92 0.589538
8343.56 0.544534
8344.21 0.530003
8344.86 0.548903
8345.51 0.594672
8346.16 0.654692
8346.81 0.715595
8347.46 0.767338
8348.11 0.804622
8348.76 0.826292
8349.41 0.834067
8350.06 0.831789
8350.71 0.825017
8351.36 0.820069
8352.01 0.822044
8352.66 0.832608
8353.31 0.849111
8353.96 0.866055
8354.61 0.877741
8355.25 0.881149
8355.91 0.876919
8356.55 0.868538
8357.2 0.860519
8357.85 0.856714
8358.5 0.85928
8359.15 0.8683
8359.8 0.881773
8360.45 0.896065
8361.1 0.907101
8361.75 0.912126
8362.4 0.911238
8363.05 0.907443
8363.7 0.90515
8364.35 0.907774
8365.0 0.916005
8365.65 0.927572
8366.3 0.938282
8366.95 0.943713
8367.6 0.940842
8368.25 0.929265
8368.9 0.91163
8369.54 0.893047
8370.19 0.879536
8370.84 0.875996
8371.49 0.884494
8372.14 0.903392
8372.79 0.927635
8373.44 0.950128
8374.09 0.963966
8374.74 0.964902
8375.39 0.95287
8376.04 0.931918
8376.69 0.908211
8377.34 0.887296
8377.99 0.872113
8378.64 0.862634
8379.29 0.857129
8379.94 0.853779
8380.59 0.851693
8381.24 0.850849
8381.89 0.851537
8382.53 0.854005
8383.18 0.858542
8383.83 0.865641
8384.48 0.875782
8385.13 0.888872
8385.78 0.903836
8386.43 0.918802
8387.08 0.931839
8387.73 0.941709
8388.38 0.948114
8389.03 0.95138
8389.68 0.952083
8390.33 0.950804
8390.98 0.948143
8391.63 0.944737
8392.28 0.941076
8392.93 0.937417
8393.58 0.933864
8394.23 0.930719
8394.88 0.928879
8395.53 0.929892
8396.17 0.935566
8396.82 0.947104
8397.47 0.964342
8398.12 0.985313
8398.77 1.00652
8399.42 1.02388
8400.07 1.03398
8400.72 1.03512
8401.37 1.0276
8402.02 1.01314
8402.67 0.994044
8403.32 0.972688
8403.97 0.951532
8404.62 0.933272
8405.27 0.92052
8405.92 0.914889
8406.57 0.916108
8407.22 0.921779
8407.87 0.928216
8408.52 0.931873
8409.17 0.930743
8409.81 0.925004
8410.46 0.916778
8411.11 0.909166
8411.76 0.905068
8412.41 0.906189
8413.06 0.912556
8413.71 0.922572
8414.36 0.933631
8415.01 0.942921
8415.66 0.948031
8416.31 0.947222
8416.96 0.939634
8417.61 0.925744
8418.26 0.907823
8418.91 0.889873
8419.56 0.876444
8420.21 0.870884
8420.86 0.874
8421.51 0.883994
8422.16 0.897482
8422.8 0.910673
8423.45 0.920071
8424.1 0.922561
8424.75 0.915651
8425.4 0.898076
8426.05 0.870867
8426.7 0.837948
8427.35 0.805897
8428.0 0.782322
8428.65 0.773168
8429.3 0.779983
8429.95 0.798692
8430.6 0.821071
8431.25 0.838571
8431.9 0.846417
8432.55 0.845541
8433.2 0.841287
8433.85 0.839967
8434.5 0.845465
8435.15 0.857671
8435.79 0.873267
8436.44 0.887899
8437.09 0.898411
8437.74 0.904077
8438.39 0.906508
8439.04 0.908496
8439.69 0.912504
8440.34 0.919703
8440.99 0.930063
8441.64 0.943263
8442.29 0.959566
8442.94 0.979748
8443.59 1.00377
8444.24 1.02926
8444.89 1.05101
8445.54 1.06245
8446.19 1.05851
8446.84 1.03822
8447.49 1.00569
8448.14 0.968787
8448.79 0.936317
8449.43 0.914994
8450.08 0.907497
8450.73 0.912364
8451.38 0.925551
8452.03 0.942693
8452.68 0.96062
8453.33 0.977442
8453.98 0.991522
8454.63 1.00064
8455.28 1.00233
8455.93 0.995215
8456.58 0.980372
8457.23 0.961532
8457.88 0.943808
8458.53 0.931721
8459.18 0.927222
8459.83 0.928907
8460.48 0.932907
8461.13 0.935191
8461.78 0.933889
8462.42 0.93022
8463.08 0.92748
8463.72 0.929003
8464.37 0.936581
8465.02 0.950216
8465.67 0.968531
8466.32 0.988973
8466.97 1.00762
8467.62 1.01944
8468.27 1.01987
8468.92 1.00712
8469.57 0.983495
8470.22 0.954659
8470.87 0.926909
8471.52 0.904534
8472.17 0.888787
8472.82 0.878935
8473.47 0.874215
8474.12 0.875158
8474.77 0.883105
8475.42 0.898692
8476.07 0.920226
8476.71 0.943371
8477.36 0.962559
8478.01 0.973235
8478.66 0.973643
8479.31 0.96521
8479.96 0.951657
8480.61 0.937513
8481.26 0.926681
8481.91 0.921342
8482.56 0.921423
8483.21 0.924963
8483.86 0.929422
8484.51 0.933201
8485.16 0.936287
8485.81 0.939341
8486.46 0.941793
8487.11 0.940508
8487.76 0.930251
8488.41 0.906166
8489.06 0.866868
8489.7 0.816456
8490.35 0.764169
8491.0 0.72164
8491.65 0.698718
8492.3 0.69968
8492.95 0.72153
8493.6 0.755254
8494.25 0.789573
8494.9 0.815462
8495.55 0.829297
8496.2 0.833285
8496.85 0.833344
8497.5 0.835776
8498.15 0.844511
8498.8 0.860007
8499.45 0.879893
8500.1 0.900554
8500.75 0.91857
8501.4 0.931362
8502.05 0.937123
8502.7 0.934659
8503.34 0.923674
8503.99 0.90542
8504.64 0.882992
8505.29 0.860736
8505.94 0.842935
8506.59 0.832568
8507.24 0.830768
8507.89 0.837007
8508.54 0.849365
8509.19 0.864796
8509.84 0.879496
8510.49 0.889783
8511.14 0.89327
8511.79 0.889737
8512.44 0.881106
8513.09 0.870541
8513.74 0.86123
8514.39 0.855454
8515.04 0.854271
8515.69 0.857611
8516.33 0.864505
8516.98 0.873326
8517.63 0.88215
8518.28 0.889286
8518.93 0.893807
8519.58 0.89578
8520.23 0.896018
8520.88 0.895531
8521.53 0.895097
8522.18 0.895166
8522.83 0.896089
8523.48 0.898386
8524.13 0.902703
8524.78 0.909476
8525.43 0.918338
8526.08 0.927635
8526.73 0.934327
8527.38 0.934507
8528.03 0.924455
8528.68 0.901886
8529.33 0.866845
8529.97 0.821849
8530.62 0.771204
8531.27 0.71961
8531.92 0.670831
8532.57 0.627052
8533.22 0.589452
8533.87 0.559544
8534.52 0.540172
8535.17 0.535069
8535.82 0.546948
8536.47 0.575305
8537.12 0.615606
8537.77 0.66059
8538.42 0.702973
8539.07 0.738011
8539.72 0.764677
8540.37 0.785138
8541.02 0.803188
8541.67 0.822484
8542.32 0.845322
8542.96 0.872126
8543.61 0.901493
8544.26 0.930479
8544.91 0.955035
8545.56 0.970862
8546.21 0.974865
8546.86 0.966783
8547.51 0.950196
8548.16 0.931799
8548.81 0.918985
8549.46 0.916728
8550.11 0.925376
8550.76 0.940567
8551.41 0.955333
8552.06 0.963317
8552.71 0.96143
8553.36 0.950555
8554.01 0.934245
8554.66 0.916373
8555.31 0.899284
8555.96 0.883384
8556.6 0.867989
8557.25 0.85249
8557.9 0.837064
8558.55 0.822713
8559.2 0.811014
8559.85 0.803896
8560.5 0.803455
8561.15 0.811505
8561.8 0.828796
8562.45 0.854199
8563.1 0.884387
8563.75 0.914291
8564.4 0.938418
8565.05 0.952445
8565.7 0.954633
8566.35 0.946472
8567.0 0.932267
8567.65 0.917716
8568.3 0.9079
8568.95 0.905546
8569.59 0.910295
8570.25 0.919349
8570.89 0.929028
8571.54 0.936253
8572.19 0.93931
8572.84 0.937757
8573.49 0.932047
8574.14 0.923295
8574.79 0.913261
8575.44 0.90428
8576.09 0.898863
8576.74 0.898982
8577.39 0.905269
8578.04 0.916448
8578.69 0.929364
8579.34 0.939823
8579.99 0.944141
8580.64 0.940756
8581.29 0.931077
8581.94 0.9189
8582.58 0.9089
8583.24 0.904865
8583.88 0.908498
8584.53 0.919236
8585.18 0.934798
8585.83 0.952156
8586.48 0.968441
8587.13 0.981586
8587.78 0.990717
8588.43 0.99635
8589.08 1.00034
8589.73 1.00531
8590.38 1.01353
8591.03 1.02565
8591.68 1.0398
8592.33 1.05184
8592.98 1.05657
8593.63 1.04963
8594.28 1.02917
8594.93 0.996846
8595.58 0.95763
8596.23 0.918377
8596.87 0.885656
8597.52 0.8637
8598.17 0.85342
8598.82 0.852697
8599.47 0.857689
8600.12 0.864427
8600.77 0.869876
8601.42 0.872411
8602.07 0.87165
8602.72 0.868123
8603.37 0.863025
8604.02 0.858101
8604.67 0.85552
8605.32 0.857535
8605.97 0.865768
8606.62 0.880432
8607.27 0.899913
8607.92 0.92099
8608.57 0.93972
8609.22 0.952662
8609.87 0.957972
8610.51 0.955901
8611.16 0.948481
8611.81 0.938412
8612.46 0.927764
8613.11 0.91712
8613.76 0.905833
8614.41 0.893267
8615.06 0.880115
8615.71 0.868848
8616.36 0.862812
8617.01 0.864663
8617.66 0.875042
8618.31 0.892308
8618.96 0.91309
8619.61 0.933383
8620.26 0.949577
8620.91 0.959042
8621.56 0.960257
8622.21 0.952692
8622.86 0.936863
8623.5 0.914679
8624.15 0.889885
8624.8 0.867869
8625.45 0.854516
8626.1 0.854261
8626.75 0.868307
8627.4 0.893964
8628.05 0.925561
8628.7 0.956469
8629.35 0.981351
8630.0 0.997647
8630.65 1.00552
8631.3 1.00657
8631.95 1.0021
8632.6 0.992258
8633.25 0.97652
8633.9 0.955224
8634.55 0.930786
8635.2 0.907806
8635.85 0.891656
8636.5 0.886452
8637.14 0.893419
8637.79 0.910294
8638.44 0.931922
8639.09 0.951789
8639.74 0.964147
8640.39 0.965967
8641.04 0.958019
8641.69 0.944342
8642.34 0.930473
8642.99 0.921287
8643.64 0.919632
8644.29 0.926213
8644.94 0.940377
8645.59 0.960896
8646.24 0.986219
8646.89 1.01423
8647.54 1.04189
8648.19 1.06496
8648.84 1.07844
8649.49 1.07728
8650.13 1.0574
8650.78 1.01664
8651.43 0.955484
8652.08 0.87749
8652.73 0.789616
8653.38 0.702227
8654.03 0.628053
8654.68 0.579757
8655.33 0.566398
8655.98 0.590257
8656.63 0.645632
8657.28 0.720215
8657.93 0.798649
8658.58 0.866765
8659.23 0.915193
8659.88 0.941405
8660.53 0.949487
8661.18 0.947565
8661.83 0.943773
8662.48 0.942676
8663.12 0.943974
8663.77 0.943981
8664.42 0.938886
8665.07 0.9276
8665.72 0.912878
8666.37 0.900095
8667.02 0.894789
8667.67 0.900103
8668.32 0.915418
8668.97 0.93647
8669.62 0.956988
8670.27 0.971029
8670.92 0.974883
8671.57 0.9678
8672.22 0.951498
8672.87 0.929176
8673.52 0.90486
8674.17 0.883074
8674.82 0.868523
8675.47 0.865108
8676.12 0.874229
8676.76 0.893292
8677.42 0.915558
8678.06 0.932064
8678.71 0.935119
8679.36 0.921862
8680.01 0.896032
8680.66 0.866999
8681.31 0.846217
8681.96 0.842816
8682.61 0.860315
8683.26 0.895749
8683.91 0.941383
8684.56 0.987733
8685.21 1.02653
8685.86 1.05249
8686.51 1.06391
8687.16 1.06218
8687.81 1.05097
8688.46 1.03506
8689.11 1.01916
8689.75 1.00695
8690.41 1.00046
8691.05 0.99987
8691.7 1.00359
8692.35 1.00877
8693.0 1.01213
8693.65 1.01127
8694.3 1.00578
8694.95 0.997529
8695.6 0.98973
8696.25 0.985028
8696.9 0.98375
8697.55 0.9835
8698.2 0.980516
8698.85 0.971992
8699.5 0.957935
8700.15 0.941293
8700.8 0.926419
8701.45 0.916962
8702.1 0.914416
8702.75 0.917925
8703.4 0.925063
8704.04 0.933117
8704.69 0.940259
8705.34 0.946278
8705.99 0.952497
8706.64 0.960771
8707.29 0.972042
8707.94 0.985387
8708.59 0.998191
8709.24 1.00744
8709.89 1.01107
8710.54 1.0088
8711.19 1.00185
8711.84 0.992268
8712.49 0.981986
8713.14 0.97214
8713.79 0.962743
8714.44 0.952979
8715.09 0.942161
8715.74 0.930831
8716.39 0.9212
8717.03 0.916333
8717.68 0.918278
8718.33 0.926394
8718.98 0.937035
8719.63 0.944998
8720.28 0.945863
8720.93 0.938055
8721.58 0.92351
8722.23 0.906915
8722.88 0.893951
8723.53 0.889335
8724.18 0.895328
8724.83 0.911233
8725.48 0.933963
8726.13 0.959497
8726.78 0.984337
8727.43 1.00641
8728.08 1.02494
8728.73 1.03973
8729.38 1.0505
8730.03 1.05673
8730.67 1.05808
8731.32 1.0548
8731.97 1.04784
8732.62 1.03849
8733.27 1.02775
8733.92 1.01608
8734.57 1.00339
8735.22 0.989363
8735.87 0.973882
8736.52 0.957431
8737.17 0.941213
8737.82 0.926976
8738.47 0.916455
8739.12 0.910791
8739.77 0.910194
8740.42 0.913901
8741.07 0.920423
8741.72 0.927916
8742.37 0.934617
8743.02 0.939403
8743.67 0.942113
8744.31 0.94356
8744.96 0.945068
8745.61 0.947786
8746.26 0.952144
8746.91 0.957728
8747.56 0.963578
8748.21 0.968754
8748.86 0.972883
8749.51 0.976324
8750.16 0.979888
8750.81 0.984222
8751.46 0.989252
8752.11 0.994234
8752.76 0.998179
8753.41 1.00033
8754.06 1.0002
8754.71 0.997113
8755.36 0.989743
8756.01 0.976126
8756.66 0.954356
8757.3 0.923586
8757.95 0.88508
8758.6 0.842768
8759.25 0.802893
8759.9 0.772826
8760.55 0.758919
8761.2 0.764247
8761.85 0.787082
8762.5 0.820908
8763.15 0.856131
8763.8 0.883003
8764.45 0.894728
8765.1 0.889724
8765.75 0.872095
8766.4 0.850056
8767.05 0.832738
8767.7 0.826718
8768.35 0.833704
8769.0 0.850834
8769.65 0.872863
8770.29 0.895172
8770.94 0.915866
8771.59 0.935843
8772.24 0.957334
8772.89 0.981883
8773.54 1.00922
8774.19 1.0376
8774.84 1.06515
8775.49 1.09107
8776.14 1.11542
8776.79 1.13768
8777.44 1.15531
8778.09 1.16404
8778.74 1.16004
8779.39 1.14268
8780.04 1.1156
8780.69 1.08532
8781.34 1.05836
8781.99 1.03885
8782.64 1.02772
8783.29 1.02332
8783.93 1.02268
8784.58 1.02245
8785.23 1.0194
8785.88 1.01081
8786.53 0.994577
8787.18 0.969749
8787.83 0.937424
8788.48 0.901522
8789.13 0.868814
8789.78 0.847178
8790.43 0.842425
8791.08 0.855286
8791.73 0.880615
8792.38 0.909629
8793.03 0.933983
8793.68 0.949081
8794.33 0.954899
8794.98 0.954368
8795.63 0.950875
8796.28 0.94657
8796.92 0.942198
8797.58 0.937978
8798.22 0.934675
8798.87 0.934017
8799.52 0.938302
8800.17 0.949321
8800.82 0.967305
8801.47 0.990395
8802.12 1.01511
8802.77 1.03756
8803.42 1.05477
8804.07 1.06535
8804.72 1.06965
8805.37 1.06913
8806.02 1.06569
8806.67 1.06082
8807.32 1.05517
8807.97 1.04849
8808.62 1.04001
8809.27 1.02897
8809.92 1.01506
8810.57 0.998511
8811.21 0.980066
8811.86 0.960765
8812.51 0.941702
8813.16 0.923787
8813.81 0.907686
8814.46 0.893966
8815.11 0.883421
8815.76 0.877203
8816.41 0.876625
8817.06 0.882581
8817.71 0.895007
8818.36 0.912661
8819.01 0.933322
8819.66 0.95456
8820.31 0.974324
8820.96 0.991506
8821.61 1.00595
8822.26 1.01834
8822.91 1.02983
8823.56 1.04125
8824.2 1.05194
8824.85 1.05878
8825.5 1.05651
8826.15 1.04019
8826.8 1.00869
8827.45 0.966849
8828.1 0.924491
8828.75 0.89226
8829.4 0.877036
8830.05 0.879389
8830.7 0.894276
8831.35 0.913781
8832.0 0.930159
8832.65 0.937987
8833.3 0.935329
8833.95 0.924009
8834.6 0.908994
8835.25 0.896738
8835.9 0.892716
8836.55 0.899576
8837.2 0.916453
8837.84 0.940002
8838.49 0.96594
8839.14 0.990364
8839.79 1.01033
8840.44 1.02388
8841.09 1.02989
8841.74 1.02805
8842.39 1.01875
8843.04 1.00323
8843.69 0.983699
8844.34 0.963237
8844.99 0.945218
8845.64 0.932113
8846.29 0.924522
8846.94 0.9209
8847.59 0.918388
8848.24 0.914248
8848.89 0.907226
8849.54 0.898236
8850.19 0.890073
8850.83 0.886359
8851.48 0.89002
8852.13 0.902037
8852.78 0.920896
8853.43 0.943092
8854.08 0.964323
8854.73 0.980817
8855.38 0.990148
8856.03 0.991353
8856.68 0.984607
8857.33 0.970879
8857.98 0.951865
8858.63 0.930211
8859.28 0.909595
8859.93 0.89437
8860.58 0.888442
8861.23 0.894121
8861.88 0.911434
8862.53 0.938456
8863.18 0.97227
8863.83 1.00972
8864.47 1.04737
8865.12 1.08104
8865.77 1.10581
8866.42 1.11733
8867.07 1.1138
8867.72 1.09741
8868.37 1.07385
8869.02 1.05009
8869.67 1.03152
8870.32 1.02013
8870.97 1.01456
8871.62 1.01159
8872.27 1.00798
8872.92 1.00164
8873.57 0.992067
8874.22 0.97999
8874.87 0.967048
8875.52 0.955349
8876.17 0.946942
8876.82 0.943184
8877.46 0.944125
8878.11 0.948558
8878.76 0.954642
8879.41 0.961066
8880.06 0.967688
8880.71 0.975606
8881.36 0.98649
8882.01 1.00152
8882.66 1.02031
8883.31 1.0402
8883.96 1.05643
8884.61 1.06358
8885.26 1.05796
8885.91 1.03976
8886.56 1.01364
8887.21 0.987138
8887.86 0.967933
8888.51 0.961288
8889.16 0.96873
8889.81 0.988019
8890.46 1.01414
8891.1 1.04081
8891.75 1.06229
8892.4 1.07483
8893.05 1.07751
8893.7 1.07185
8894.35 1.06094
8895.0 1.04834
8895.65 1.03718
8896.3 1.02991
8896.95 1.02804
8897.6 1.03205
8898.25 1.04146
8898.9 1.05506
8899.55 1.07122
8900.2 1.08821
8900.85 1.10403
8901.5 1.11621
8902.15 1.1219
8902.8 1.11858
8903.45 1.10511
8904.09 1.08232
8904.75 1.05283
8905.39 1.02006
8906.04 0.987259
8906.69 0.957019
8907.34 0.931404
8907.99 0.912296
8908.64 0.901527
8909.29 0.900519
8909.94 0.909689
8910.59 0.927915
8911.24 0.952359
8911.89 0.978791
8912.54 1.00216
8913.19 1.01768
8913.84 1.02171
8914.49 1.01262
8915.14 0.99124
8915.79 0.961276
8916.44 0.929431
8917.08 0.904884
8917.74 0.897259
8918.38 0.913019
8919.03 0.951736
8919.68 1.00482
8920.33 1.05822
8920.98 1.09819
8921.63 1.11681
8922.28 1.11413
8922.93 1.09627
8923.58 1.07135
8924.23 1.04612
8924.88 1.02471
8925.53 1.00906
8926.18 0.999835
8926.83 0.996851
8927.48 0.998994
8928.13 1.00419
8928.78 1.00988
8929.43 1.01354
8930.08 1.01331
8930.73 1.00822
8931.37 0.998412
8932.02 0.985333
8932.67 0.97177
8933.32 0.96147
8933.97 0.95799
8934.62 0.963226
8935.27 0.976325
8935.92 0.993683
8936.57 1.01016
8937.22 1.02098
8937.87 1.02346
8938.52 1.01775
8939.17 1.00635
8939.82 0.992776
8940.47 0.980281
8941.12 0.971278
8941.77 0.967587
8942.42 0.97065
8943.07 0.981153
8943.72 0.99818
8944.37 1.01883
8945.01 1.03904
8945.66 1.05535
8946.31 1.06638
8946.96 1.07294
8947.61 1.07663
8948.26 1.07807
8948.91 1.07596
8949.56 1.06763
8950.21 1.05067
8950.86 1.02465
8951.51 0.991846
8952.16 0.956748
8952.81 0.924522
8953.46 0.898934
8954.11 0.880614
8954.76 0.86666
8955.41 0.852188
8956.06 0.833593
8956.71 0.811764
8957.36 0.792851
8958.0 0.78542
8958.65 0.795364
8959.3 0.822116
8959.95 0.858842
8960.6 0.89645
8961.25 0.928366
8961.9 0.952932
8962.55 0.972499
8963.2 0.990576
8963.85 1.00927
8964.5 1.02823
8965.15 1.045
8965.8 1.05627
8966.45 1.05922
8967.1 1.05269
8967.75 1.03795
8968.4 1.01848
8969.05 0.998868
8969.7 0.983205
8970.35 0.973871
8971.0 0.971219
8971.64 0.974208
8972.29 0.98132
8972.94 0.991215
8973.59 1.00281
8974.24 1.01494
8974.89 1.02606
8975.54 1.03437
8976.19 1.03834
8976.84 1.03738
8977.49 1.03226
8978.14 1.02501
8978.79 1.01832
8979.44 1.01466
8980.09 1.01553
8980.74 1.02085
8981.39 1.02894
8982.04 1.03713
8982.69 1.04277
8983.34 1.04471
8983.99 1.04426
8984.63 1.0451
8985.28 1.05142
8985.93 1.06513
8986.58 1.08333
8987.23 1.09819
8987.88 1.09985
8988.53 1.08145
8989.18 1.04326
8989.83 0.993511
8990.48 0.945296
8991.13 0.911316
8991.78 0.899121
8992.43 0.908843
8993.08 0.934011
8993.73 0.964547
8994.38 0.990507
8995.03 1.00525
8995.68 1.00665
8996.33 0.996677
8996.98 0.980034
8997.62 0.962733
8998.27 0.950941
8998.92 0.949542
8999.57 0.960148
9000.22 0.979382
9000.87 0.99935
9001.52 1.01099
9002.17 1.00878
9002.82 0.993592
9003.47 0.97158
9004.12 0.950087
9004.77 0.933757
9005.42 0.923399
9006.07 0.917765
9006.72 0.915953
9007.37 0.918384
9008.02 0.925844
9008.67 0.937927
9009.32 0.952369
9009.97 0.965914
9010.62 0.975863
9011.26 0.981061
9011.92 0.981915
9012.56 0.979219
9013.21 0.973116
9013.86 0.962913
9014.51 0.947987
9015.16 0.929092
9015.81 0.909005
9016.46 0.891889
9017.11 0.881598
9017.76 0.879965
9018.41 0.885987
9019.06 0.896344
9019.71 0.906871
9020.36 0.914229
9021.01 0.917019
9021.66 0.915999
9022.31 0.913452
9022.96 0.912133
9023.61 0.914199
9024.25 0.920498
9024.91 0.930243
9025.55 0.94114
9026.2 0.949855
9026.85 0.952828
9027.5 0.947313
9028.15 0.932335
9028.8 0.909271
9029.45 0.881622
9030.1 0.854163
9030.75 0.831568
9031.4 0.817099
9032.05 0.811745
9032.7 0.81415
9033.35 0.821301
9034.0 0.829846
9034.65 0.837529
9035.3 0.844056
9035.95 0.850845
9036.6 0.859788
9037.25 0.871749
9037.9 0.885746
9038.54 0.899353
9039.19 0.909981
9039.84 0.916205
9040.49 0.918303
9041.14 0.917843
9041.79 0.916787
9042.44 0.916696
9043.09 0.918508
9043.74 0.922757
9044.39 0.930042
9045.04 0.941407
9045.69 0.958324
9046.34 0.981949
9046.99 1.01189
9047.64 1.04496
9048.29 1.075
9048.94 1.09439
9049.59 1.09683
9050.24 1.08007
9050.89 1.04702
9051.53 1.0047
9052.18 0.961714
9052.83 0.925543
9053.48 0.900833
9054.13 0.889127
9054.78 0.889488
9055.43 0.899366
9056.08 0.9152
9056.73 0.93292
9057.38 0.94865
9058.03 0.959614
9058.68 0.964828
9059.33 0.96492
9059.98 0.961258
9060.63 0.954923
9061.28 0.946515
9061.93 0.936877
9062.58 0.927977
9063.23 0.922885
9063.88 0.92447
9064.53 0.933477
9065.17 0.9473
9065.82 0.960536
9066.47 0.967173
9067.12 0.963221
9067.77 0.948377
9068.42 0.925924
9069.07 0.90118
9069.72 0.879455
9070.37 0.864499
9071.02 0.85795
9071.67 0.85962
9072.32 0.868252
9072.97 0.882146
9073.62 0.899367
9074.27 0.917524
9074.92 0.933528
9075.57 0.943901
9076.22 0.945624
9076.87 0.937298
9077.52 0.919773
9078.17 0.895997
9078.81 0.870304
9079.46 0.847507
9080.11 0.832091
9080.76 0.827378
9081.41 0.834592
9082.06 0.852098
9082.71 0.875442
9083.36 0.89857
9084.01 0.915887
9084.66 0.924328
9085.31 0.924394
9085.96 0.919633
9086.61 0.914774
9087.26 0.913491
9087.91 0.916878
9088.56 0.92332
9089.21 0.929571
9089.86 0.932306
9090.51 0.929363
9091.16 0.920489
9091.8 0.907541
9092.45 0.894154
9093.1 0.884651
9093.75 0.882408
9094.4 0.888304
9095.05 0.900012
9095.7 0.912776
9096.35 0.921279
9097.0 0.921673
9097.65 0.913034
9098.3 0.89772
9098.95 0.880617
9099.6 0.867426
9100.25 0.862368
9100.9 0.866141
9101.55 0.875364
9102.2 0.884078
9102.85 0.886717
9103.5 0.880717
9104.15 0.867187
9104.79 0.849401
9105.44 0.830572
9106.09 0.812522
9106.74 0.796045
9107.39 0.782016
9108.04 0.772039
9108.69 0.767939
9109.34 0.77057
9109.99 0.778952
9110.64 0.790417
9111.29 0.801849
9111.94 0.811018
9112.59 0.817392
9113.24 0.821844
9113.89 0.825517
9114.54 0.828779
9115.19 0.830999
9115.84 0.831326
9116.49 0.829908
9117.14 0.828502
9117.79 0.829927
9118.43 0.836525
9119.08 0.848733
9119.73 0.864717
9120.38 0.881328
9121.03 0.895764
9121.68 0.906851
9122.33 0.915194
9122.98 0.922246
9123.63 0.929009
9124.28 0.93512
9124.93 0.938884
9125.58 0.938028
9126.23 0.93075
9126.88 0.916556
9127.53 0.896488
9128.18 0.872825
9128.83 0.848211
9129.48 0.824591
9130.13 0.802306
9130.78 0.779817
9131.42 0.754406
9132.08 0.7237
9132.72 0.687374
9133.37 0.648064
9134.02 0.61082
9134.67 0.581489
9135.32 0.564682
9135.97 0.562368
9136.62 0.573518
9137.27 0.59474
9137.92 0.621565
9138.57 0.649809
9139.22 0.676592
9139.87 0.700533
9140.52 0.721206
9141.17 0.738328
9141.82 0.751286
9142.47 0.759247
9143.12 0.7616
9143.77 0.758463
9144.42 0.750882
9145.07 0.740745
9145.71 0.730385
9146.36 0.721951
9147.01 0.716719
9147.66 0.714719
9148.31 0.714897
9148.96 0.715768
9149.61 0.716162
9150.26 0.715661
9150.91 0.714529
9151.56 0.713386
9152.21 0.712758
9152.86 0.712652
9153.51 0.712478
9154.16 0.711505
9154.81 0.709512
9155.46 0.707088
9156.11 0.705106
9156.76 0.703494
9157.41 0.700144
9158.06 0.690889
9158.7 0.670867
9159.35 0.636793
9160.0 0.589079
9160.65 0.532752
9161.3 0.476518
9161.95 0.430201
9162.6 0.401556
9163.25 0.393942
9163.9 0.405803
9164.55 0.432085
9165.2 0.466537
9165.85 0.503736
9166.5 0.54007
9167.15 0.573637
9167.8 0.603539
9168.45 0.629082
9169.1 0.649239
9169.75 0.662503
9170.4 0.667229
9171.05 0.662388
9171.7 0.64833
9172.34 0.627168
9172.99 0.602579
9173.64 0.579088
9174.29 0.561081
9174.94 0.551749
9175.59 0.552239
9176.24 0.561271
9176.89 0.575528
9177.54 0.59069
9178.19 0.602675
9178.84 0.608639
9179.49 0.607476
9180.14 0.599884
9180.79 0.588134
9181.44 0.575464
9182.09 0.565117
9182.74 0.559329
9183.39 0.55875
9184.04 0.562619
9184.69 0.5696
9185.33 0.578553
9185.98 0.58875
9186.63 0.599347
9187.28 0.608789
9187.93 0.614762
9188.58 0.614925
9189.23 0.607981
9189.88 0.594409
9190.53 0.576386
9191.18 0.556953
9191.83 0.538947
9192.48 0.524193
9193.13 0.513187
9193.78 0.505253
9194.43 0.498913
9195.08 0.492442
9195.73 0.484481
9196.38 0.474804
9197.03 0.464859
9197.68 0.457668
9198.33 0.456643
9198.97 0.463729
9199.62 0.477885
9200.27 0.495044
9200.92 0.509807
9201.57 0.518115
9202.22 0.519213
9202.87 0.515816
9203.52 0.512307
9204.17 0.512253
9204.82 0.516718
9205.47 0.524195
9206.12 0.531817
9206.77 0.536832
9207.42 0.537439
9208.07 0.532829
9208.72 0.522936
9209.37 0.508447
9210.02 0.491124
9210.67 0.474018
9211.32 0.461025
9211.96 0.455808
9212.61 0.460346
9213.26 0.473862
9213.91 0.492711
9214.56 0.511581
9215.21 0.525682
9215.86 0.532957
9216.51 0.535062
9217.16 0.536417
9217.81 0.541636
9218.46 0.552833
9219.11 0.568334
9219.76 0.583617
9220.41 0.593805
9221.06 0.596311
9221.71 0.592026
9222.36 0.584601
9223.01 0.578411
9223.66 0.576478
9224.31 0.579422
9224.96 0.585676
9225.6 0.59265
9226.25 0.598043
9226.9 0.600788
9227.55 0.601215
9228.2 0.600453
9228.85 0.599396
9229.5 0.597912
9230.15 0.594719
9230.8 0.588078
9231.45 0.576894
9232.1 0.561632
9232.75 0.544586
9233.4 0.529286
9234.05 0.519232
9234.7 0.51653
9235.35 0.521092
9236.0 0.530785
9236.65 0.542405
9237.3 0.552714
9237.95 0.55915
9238.59 0.560144
9239.25 0.555279
9239.89 0.545509
9240.54 0.533134
9241.19 0.521281
9241.84 0.512968
9242.49 0.510248
9243.14 0.513895
9243.79 0.523509
9244.44 0.537659
9245.09 0.553778
9245.74 0.568062
9246.39 0.576172
9247.04 0.574789
9247.69 0.563394
9248.34 0.545013
9248.99 0.525228
9249.64 0.509974
9250.29 0.50338
9250.94 0.50664
