6415.4 1.04399
6416.05 1.05196
6416.7 1.05313
6417.35 1.0452
6418.0 1.02811
6418.65 1.00553
6419.3 0.984339
6419.95 0.972019
6420.6 0.973235
6421.25 0.987613
6421.9 1.01001
6422.55 1.03305
6423.2 1.05051
6423.85 1.05958
6424.5 1.06115
6425.15 1.05822
6425.8 1.05369
6426.45 1.04884
6427.1 1.04318
6427.75 1.03556
6428.4 1.02551
6429.05 1.01411
6429.7 1.0038
6430.35 0.997389
6431.0 0.996857
6431.65 1.0025
6432.3 1.01287
6432.95 1.02544
6433.6 1.03748
6434.25 1.04688
6434.9 1.05255
6435.55 1.05446
6436.2 1.05331
6436.85 1.05019
6437.5 1.0462
6438.15 1.04223
6438.8 1.03881
6439.45 1.03616
6440.1 1.03436
6440.75 1.03357
6441.4 1.03422
6442.05 1.03704
6442.7 1.04274
6443.35 1.05164
6444.0 1.06324
6444.65 1.07584
6445.3 1.08672
6445.95 1.0927
6446.6 1.09125
6447.25 1.08155
6447.9 1.06514
6448.55 1.04571
6449.2 1.02804
6449.85 1.0164
6450.5 1.01306
6451.15 1.01765
6451.8 1.02758
6452.45 1.03932
6453.1 1.04982
6453.75 1.0574
6454.4 1.0618
6455.05 1.06378
6455.7 1.06456
6456.35 1.06536
6457.0 1.06712
6457.65 1.07027
6458.3 1.07445
6458.95 1.07844
6459.6 1.08046
6460.25 1.07904
6460.9 1.07391
6461.55 1.06654
6462.2 1.05965
6462.85 1.05605
6463.5 1.05738
6464.15 1.06371
6464.8 1.07387
6465.45 1.08629
6466.1 1.09947
6466.75 1.11202
6467.4 1.12236
6468.05 1.12871
6468.7 1.12954
6469.35 1.12426
6470.0 1.11376
6470.65 1.10031
6471.3 1.08685
6471.95 1.07592
6472.6 1.06883
6473.25 1.06531
6473.9 1.0639
6474.55 1.06269
6475.2 1.06006
6475.85 1.05527
6476.5 1.04859
6477.15 1.04105
6477.8 1.03386
6478.45 1.02771
6479.1 1.02246
6479.75 1.01741
6480.4 1.01201
6481.05 1.00657
6481.7 1.0023
6482.35 1.00059
6483.0 1.00215
6483.65 1.00672
6484.3 1.01348
6484.95 1.02176
6485.6 1.03137
6486.25 1.0423
6486.9 1.0542
6487.55 1.06602
6488.2 1.07619
6488.85 1.08308
6489.5 1.0853
6490.15 1.08184
6490.8 1.07221
6491.45 1.05662
6492.1 1.03633
6492.75 1.01371
6493.4 0.991714
6494.05 0.972975
6494.7 0.958896
6495.35 0.949448
6496.0 0.943754
6496.65 0.941089
6497.3 0.941493
6497.95 0.945605
6498.6 0.953877
6499.25 0.965927
6499.9 0.980536
6500.55 0.996298
6501.2 1.01235
6501.85 1.02856
6502.5 1.04497
6503.15 1.06103
6503.8 1.07522
6504.45 1.08541
6505.1 1.08973
6505.75 1.08743
6506.4 1.0792
6507.05 1.06705
6507.7 1.05376
6508.35 1.0422
6509.0 1.0346
6509.65 1.03187
6510.3 1.03336
6510.95 1.03706
6511.6 1.04041
6512.25 1.04132
6512.9 1.03882
6513.55 1.03327
6514.2 1.02599
6514.85 1.01871
6515.5 1.01293
6516.15 1.00948
6516.8 1.00836
6517.45 1.00905
6518.1 1.01092
6518.75 1.01376
6519.4 1.0178
6520.05 1.02364
6520.7 1.03186
6521.35 1.04272
6522.0 1.05576
6522.65 1.06962
6523.3 1.08207
6523.95 1.09047
6524.6 1.09263
6525.25 1.08772
6525.9 1.07674
6526.55 1.06229
6527.2 1.04758
6527.85 1.03528
6528.5 1.02663
6529.15 1.02131
6529.8 1.01797
6530.45 1.01521
6531.1 1.01244
6531.75 1.01035
6532.4 1.0107
6533.05 1.01549
6533.7 1.02603
6534.35 1.04225
6535.0 1.06274
6535.65 1.08519
6536.3 1.10704
6536.95 1.12599
6537.6 1.14036
6538.25 1.14932
6538.9 1.15296
6539.55 1.15221
6540.2 1.1485
6540.85 1.14315
6541.5 1.13681
6542.15 1.12913
6542.8 1.11901
6543.45 1.10549
6544.1 1.08879
6544.75 1.07091
6545.4 1.05532
6546.05 1.04575
6546.7 1.04469
6547.35 1.05247
6548.0 1.0671
6548.65 1.08488
6549.3 1.10144
6549.95 1.11279
6550.6 1.11633
6551.25 1.11155
6551.9 1.10017
6552.55 1.08566
6553.2 1.07209
6553.85 1.06282
6554.5 1.05945
6555.15 1.06162
6555.8 1.06755
6556.45 1.07539
6557.1 1.08471
6557.75 1.09732
6558.4 1.11685
6559.05 1.14689
6559.7 1.18841
6560.35 1.23787
6561.0 1.28737
6561.65 1.32701
6562.3 1.34853
6562.95 1.34835
6563.6 1.32847
6564.25 1.29526
6564.9 1.25673
6565.55 1.21978
6566.2 1.18844
6566.85 1.16369
6567.5 1.14444
6568.15 1.1291
6568.8 1.11681
6569.45 1.10765
6570.1 1.10183
6570.75 1.0989
6571.4 1.09736
6572.05 1.09544
6572.7 1.09226
6573.35 1.08862
6574.0 1.08683
6574.65 1.0895
6575.3 1.09809
6575.95 1.11191
6576.6 1.12818
6577.25 1.14318
6577.9 1.15382
6578.55 1.15884
6579.2 1.15899
6579.85 1.15622
6580.5 1.15262
6581.15 1.14958
6581.8 1.14782
6582.45 1.1478
6583.1 1.14993
6583.75 1.15441
6584.4 1.16083
6585.05 1.16796
6585.7 1.17407
6586.35 1.17756
6587.0 1.17768
6587.65 1.17486
6588.3 1.17042
6588.95 1.16563
6589.6 1.16081
6590.25 1.15499
6590.9 1.1466
6591.55 1.13473
6592.2 1.12015
6592.85 1.10533
6593.5 1.09353
6594.15 1.08758
6594.8 1.08902
6595.45 1.09783
6596.1 1.11255
6596.75 1.13063
6597.4 1.14889
6598.05 1.16417
6598.7 1.17397
6599.35 1.17703
6600.0 1.17349
6600.65 1.16476
6601.3 1.15313
6601.95 1.14128
6602.6 1.13163
6603.25 1.12569
6603.9 1.12362
6604.55 1.12427
6605.2 1.12586
6605.85 1.1268
6606.5 1.12624
6607.15 1.12421
6607.8 1.12138
6608.45 1.11875
6609.1 1.11747
6609.75 1.11864
6610.4 1.123
6611.05 1.1306
6611.7 1.14075
6612.35 1.15227
6613.0 1.16392
6613.65 1.1748
6614.3 1.18434
6614.95 1.19222
6615.6 1.19828
6616.25 1.20254
6616.9 1.2054
6617.55 1.20759
6618.2 1.20997
6618.85 1.213
6619.5 1.21634
6620.15 1.21873
6620.8 1.21833
6621.45 1.21355
6622.1 1.20385
6622.75 1.19038
6623.4 1.17591
6624.05 1.16427
6624.7 1.15907
6625.35 1.16226
6626.0 1.17324
6626.65 1.18903
6627.3 1.2055
6627.95 1.21911
6628.6 1.22813
6629.25 1.23289
6629.9 1.23514
6630.55 1.23706
6631.2 1.24026
6631.85 1.24534
6632.5 1.25173
6633.15 1.258
6633.8 1.26245
6634.45 1.26379
6635.1 1.26147
6635.75 1.2558
6636.4 1.24778
6637.05 1.23874
6637.7 1.23005
6638.35 1.2228
6639.0 1.21752
6639.65 1.21402
6640.3 1.21148
6640.95 1.20891
6641.6 1.20575
6642.25 1.2024
6642.9 1.2002
6643.55 1.20069
6644.2 1.20464
6644.85 1.21125
6645.5 1.21828
6646.15 1.22303
6646.8 1.2235
6647.45 1.21931
6648.1 1.21165
6648.75 1.20271
6649.4 1.19473
6650.05 1.1894
6650.7 1.18762
6651.35 1.18966
6652.0 1.19539
6652.65 1.20449
6653.3 1.21645
6653.95 1.23044
6654.6 1.24527
6655.25 1.25956
6655.9 1.27189
6656.55 1.28122
6657.2 1.28699
6657.85 1.28923
6658.5 1.28838
6659.15 1.28509
6659.8 1.28007
6660.45 1.27403
6661.1 1.26783
6661.75 1.26263
6662.4 1.25962
6663.05 1.25967
6663.7 1.26275
6664.35 1.26786
6665.0 1.27334
6665.65 1.27745
6666.3 1.27901
6666.95 1.27762
6667.6 1.27383
6668.25 1.26896
6668.9 1.26478
6669.55 1.26298
6670.2 1.26454
6670.85 1.26929
6671.5 1.27606
6672.15 1.28313
6672.8 1.28877
6673.45 1.29152
6674.1 1.29032
6674.75 1.28452
6675.4 1.27411
6676.05 1.26023
6676.7 1.24543
6677.35 1.23331
6678.0 1.22723
6678.65 1.22896
6679.3 1.23788
6679.95 1.25135
6680.6 1.26613
6681.25 1.27995
6681.9 1.29223
6682.55 1.30385
6683.2 1.31616
6683.85 1.32997
6684.5 1.34496
6685.15 1.35983
6685.8 1.37287
6686.45 1.38265
6687.1 1.3886
6687.75 1.39102
6688.4 1.39076
6689.05 1.38867
6689.7 1.38518
6690.35 1.38035
6691.0 1.37417
6691.65 1.36699
6692.3 1.35959
6692.95 1.35303
6693.6 1.34808
6694.25 1.34493
6694.9 1.34308
6695.55 1.34162
6696.2 1.33972
6696.85 1.33688
6697.5 1.33298
6698.15 1.32812
6698.8 1.32266
6699.45 1.31728
6700.1 1.31325
6700.75 1.31238
6701.4 1.31654
6702.05 1.32673
6702.7 1.34239
6703.35 1.36114
6704.0 1.37937
6704.65 1.39328
6705.3 1.4001
6705.95 1.39873
6706.6 1.38985
6707.25 1.37563
6707.9 1.35916
6708.55 1.34388
6709.2 1.33295
6709.85 1.32841
6710.5 1.33061
6711.15 1.33809
6711.8 1.34819
6712.45 1.35816
6713.1 1.36609
6713.75 1.37124
6714.4 1.37382
6715.05 1.37447
6715.7 1.37386
6716.35 1.37263
6717.0 1.37135
6717.65 1.37043
6718.3 1.3699
6718.95 1.36931
6719.6 1.36805
6720.25 1.36589
6720.9 1.36322
6721.55 1.3609
6722.2 1.35956
6722.85 1.35908
6723.5 1.35866
6724.15 1.35749
6724.8 1.35562
6725.45 1.35429
6726.1 1.35533
6726.75 1.36026
6727.4 1.36947
6728.05 1.382
6728.7 1.39597
6729.35 1.40931
6730.0 1.42053
6730.65 1.42914
6731.3 1.43561
6731.95 1.44073
6732.6 1.44477
6733.25 1.44707
6733.9 1.44624
6734.55 1.44112
6735.2 1.43161
6735.85 1.41891
6736.5 1.40494
6737.15 1.3915
6737.8 1.37967
6738.45 1.36971
6739.1 1.36133
6739.75 1.354
6740.4 1.34728
6741.05 1.34111
6741.7 1.336
6742.35 1.33304
6743.0 1.33354
6743.65 1.33845
6744.3 1.34786
6744.95 1.36078
6745.6 1.37534
6746.25 1.38921
6746.9 1.40013
6747.55 1.40649
6748.2 1.40795
6748.85 1.40565
6749.5 1.40193
6750.15 1.39931
6750.8 1.39925
6751.45 1.40137
6752.1 1.40381
6752.75 1.40445
6753.4 1.40228
6754.05 1.39818
6754.7 1.39452
6755.35 1.39412
6756.0 1.39896
6756.65 1.4094
6757.3 1.42403
6757.95 1.44027
6758.6 1.45518
6759.25 1.46631
6759.9 1.47229
6760.55 1.47287
6761.2 1.46868
6761.85 1.46056
6762.5 1.44913
6763.15 1.43458
6763.8 1.41704
6764.45 1.39707
6765.1 1.37614
6765.75 1.35659
6766.4 1.34116
6767.05 1.33213
6767.7 1.33066
6768.35 1.3363
6769.0 1.34711
6769.65 1.36037
6770.3 1.37333
6770.95 1.38399
6771.6 1.39142
6772.25 1.39562
6772.9 1.39717
6773.55 1.39687
6774.2 1.39567
6774.85 1.39468
6775.5 1.39536
6776.15 1.39923
6776.8 1.40724
6777.45 1.41909
6778.1 1.43286
6778.75 1.44563
6779.4 1.45459
6780.05 1.45838
6780.7 1.45768
6781.35 1.45473
6782.0 1.4521
6782.65 1.45142
6783.3 1.45279
6783.95 1.45517
6784.6 1.45733
6785.25 1.45867
6785.9 1.45923
6786.55 1.45926
6787.2 1.45871
6787.85 1.45735
6788.5 1.45527
6789.15 1.45315
6789.8 1.452
6790.45 1.45239
6791.1 1.45389
6791.75 1.45518
6792.4 1.455
6793.05 1.45298
6793.7 1.45017
6794.35 1.44862
6795.0 1.45029
6795.65 1.45604
6796.3 1.46499
6796.95 1.47463
6797.6 1.4817
6798.25 1.48333
6798.9 1.47821
6799.55 1.46714
6800.2 1.45282
6800.85 1.43884
6801.5 1.42834
6802.15 1.42298
6802.8 1.42257
6803.45 1.42542
6804.1 1.42905
6804.75 1.43108
6805.4 1.42989
6806.05 1.42511
6806.7 1.41761
6807.35 1.40921
6808.0 1.40184
6808.65 1.39673
6809.3 1.39395
6809.95 1.39242
6810.6 1.39057
6811.25 1.38716
6811.9 1.38199
6812.55 1.37607
6813.2 1.37135
6813.85 1.36992
6814.5 1.37316
6815.15 1.38098
6815.8 1.39181
6816.45 1.40309
6817.1 1.41228
6817.75 1.41775
6818.4 1.41923
6819.05 1.41772
6819.7 1.41496
6820.35 1.41266
6821.0 1.41185
6821.65 1.4125
6822.3 1.41357
6822.95 1.41367
6823.6 1.4118
6824.25 1.40789
6824.9 1.4027
6825.55 1.39725
6826.2 1.39219
6826.85 1.38765
6827.5 1.38365
6828.15 1.38065
6828.8 1.37979
6829.45 1.38248
6830.1 1.38934
6830.75 1.39942
6831.4 1.41009
6832.05 1.41793
6832.7 1.42025
6833.35 1.41634
6834.0 1.40777
6834.65 1.39754
6835.3 1.38854
6835.95 1.38215
6836.6 1.37777
6837.25 1.37347
6837.9 1.36747
6838.55 1.3596
6839.2 1.35175
6839.85 1.34724
6840.5 1.34921
6841.15 1.35919
6841.8 1.37634
6842.45 1.3977
6843.1 1.41913
6843.75 1.43644
6844.4 1.4465
6845.05 1.44792
6845.7 1.44136
6846.35 1.42895
6847.0 1.41351
6847.65 1.39766
6848.3 1.38333
6848.95 1.37185
6849.6 1.36403
6850.25 1.36022
6850.9 1.36031
6851.55 1.36365
6852.2 1.36916
6852.85 1.37558
6853.5 1.38175
6854.15 1.38698
6854.8 1.39122
6855.45 1.39508
6856.1 1.39946
6856.75 1.40483
6857.4 1.41073
6858.05 1.4157
6858.7 1.41784
6859.35 1.41585
6860.0 1.40991
6860.65 1.40196
6861.3 1.39507
6861.95 1.3923
6862.6 1.39548
6863.25 1.40464
6863.9 1.4182
6864.55 1.43393
6865.2 1.44964
6865.85 1.46336
6866.5 1.47272
6867.15 1.47457
6867.8 1.46527
6868.45 1.44195
6869.1 1.40379
6869.75 1.35261
6870.4 1.29253
6871.05 1.22914
6871.7 1.16863
6872.35 1.11689
6873.0 1.07855
6873.65 1.05589
6874.3 1.04835
6874.95 1.05304
6875.6 1.06595
6876.25 1.08331
6876.9 1.10251
6877.55 1.12225
6878.2 1.14221
6878.85 1.16262
6879.5 1.18383
6880.15 1.20605
6880.8 1.22925
6881.45 1.25317
6882.1 1.27734
6882.75 1.30102
6883.4 1.32317
6884.05 1.34244
6884.7 1.35734
6885.35 1.3666
6886.0 1.36953
6886.65 1.36613
6887.3 1.35704
6887.95 1.34333
6888.6 1.32641
6889.25 1.30806
6889.9 1.29042
6890.55 1.27561
6891.2 1.26519
6891.85 1.25976
6892.5 1.25894
6893.15 1.26167
6893.8 1.26662
6894.45 1.27223
6895.1 1.27687
6895.75 1.27904
6896.4 1.27793
6897.05 1.2738
6897.7 1.26782
6898.35 1.26156
6899.0 1.25647
6899.65 1.25377
6900.3 1.25434
6900.95 1.25849
6901.6 1.26557
6902.25 1.27386
6902.9 1.2813
6903.55 1.28648
6904.2 1.28928
6904.85 1.29033
6905.5 1.29002
6906.15 1.28775
6906.8 1.28223
6907.45 1.2725
6908.1 1.25902
6908.75 1.24379
6909.4 1.22953
6910.05 1.21841
6910.7 1.21117
6911.35 1.20708
6912.0 1.20482
6912.65 1.20359
6913.3 1.20362
6913.95 1.20585
6914.6 1.21101
6915.25 1.21906
6915.9 1.2292
6916.55 1.2405
6917.2 1.25231
6917.85 1.26416
6918.5 1.27539
6919.15 1.28487
6919.8 1.29102
6920.45 1.29223
6921.1 1.28725
6921.75 1.27553
6922.4 1.25758
6923.05 1.23526
6923.7 1.21186
6924.35 1.19174
6925.0 1.17926
6925.65 1.17721
6926.3 1.18546
6926.95 1.20057
6927.6 1.21693
6928.25 1.22891
6928.9 1.23298
6929.55 1.22863
6930.2 1.21791
6930.85 1.20401
6931.5 1.18993
6932.15 1.17758
6932.8 1.16772
6933.45 1.16037
6934.1 1.15546
6934.75 1.15326
6935.4 1.15425
6936.05 1.15868
6936.7 1.16594
6937.35 1.1745
6938.0 1.18212
6938.65 1.18619
6939.3 1.18394
6939.95 1.17268
6940.6 1.15036
6941.25 1.1166
6941.9 1.07368
6942.55 1.02687
6943.2 0.983341
6943.85 0.950089
6944.5 0.93164
6945.15 0.928813
6945.8 0.938905
6946.45 0.957134
6947.1 0.978416
6947.75 0.998622
6948.4 1.01498
6949.05 1.02585
6949.7 1.03038
6950.35 1.02843
6951.0 1.02075
6951.65 1.00908
6952.3 0.99602
6952.95 0.984554
6953.6 0.977278
6954.25 0.975552
6954.9 0.97889
6955.55 0.985035
6956.2 0.990804
6956.85 0.993404
6957.5 0.991495
6958.15 0.985493
6958.8 0.977166
6959.45 0.969013
6960.1 0.963784
6960.75 0.964128
6961.4 0.971931
6962.05 0.987328
6962.7 1.00796
6963.35 1.02934
6964.0 1.04651
6964.65 1.05632
6965.3 1.05874
6965.95 1.05636
6966.6 1.05227
6967.25 1.04818
6967.9 1.04411
6968.55 1.03991
6969.2 1.03714
6969.85 1.0393
6970.5 1.05007
6971.15 1.0704
6971.8 1.09685
6972.45 1.12264
6973.1 1.14079
6973.75 1.14733
6974.4 1.14243
6975.05 1.12915
6975.7 1.11111
6976.35 1.09117
6977.0 1.07155
6977.65 1.05463
6978.3 1.04322
6978.95 1.03973
6979.6 1.045
6980.25 1.05769
6980.9 1.07451
6981.55 1.09114
6982.2 1.10334
6982.85 1.10826
6983.5 1.10564
6984.15 1.09838
6984.8 1.09168
6985.45 1.09058
6986.1 1.0972
6986.75 1.10956
6987.4 1.12286
6988.05 1.13247
6988.7 1.13663
6989.35 1.13715
6990.0 1.13761
6990.65 1.14059
6991.3 1.14578
6991.95 1.15027
6992.6 1.15055
6993.25 1.14497
6993.9 1.13477
6994.55 1.12323
6995.2 1.1135
6995.85 1.10671
6996.5 1.10167
6997.15 1.09607
6997.8 1.08838
6998.45 1.0791
6999.1 1.07069
6999.75 1.06616
7000.4 1.06738
7001.05 1.07413
7001.7 1.08428
7002.35 1.09503
7003.0 1.10419
7003.65 1.11091
7004.3 1.11555
7004.95 1.11893
7005.6 1.12159
7006.25 1.12344
7006.9 1.12393
7007.55 1.12251
7008.2 1.11924
7008.85 1.11484
7009.5 1.11043
7010.15 1.10693
7010.8 1.10471
7011.45 1.10365
7012.1 1.10334
7012.75 1.10341
7013.4 1.10364
7014.05 1.104
7014.7 1.10469
7015.35 1.10595
7016.0 1.10774
7016.65 1.10957
7017.3 1.11068
7017.95 1.11068
7018.6 1.11026
7019.25 1.11131
7019.9 1.11603
7020.55 1.12557
7021.2 1.13884
7021.85 1.15244
7022.5 1.1619
7023.15 1.16357
7023.8 1.15645
7024.45 1.14282
7025.1 1.12761
7025.75 1.11641
7026.4 1.11315
7027.05 1.11819
7027.7 1.12791
7028.35 1.13613
7029.0 1.13696
7029.65 1.12788
7030.3 1.11141
7030.95 1.09441
7031.6 1.08524
7032.25 1.08993
7032.9 1.10947
7033.55 1.1391
7034.2 1.17005
7034.85 1.19283
7035.5 1.20071
7036.15 1.19219
7036.8 1.17149
7037.45 1.14696
7038.1 1.1279
7038.75 1.12118
7039.4 1.12884
7040.05 1.14764
7040.7 1.17045
7041.35 1.18883
7042.0 1.19586
7042.65 1.18839
7043.3 1.16811
7043.95 1.14118
7044.6 1.11635
7045.25 1.10226
7045.9 1.10468
7046.55 1.12467
7047.2 1.15821
7047.85 1.19732
7048.5 1.23229
7049.15 1.25442
7049.8 1.25871
7050.45 1.24544
7051.1 1.22022
7051.75 1.19205
7052.4 1.17021
7053.05 1.16106
7053.7 1.16606
7054.35 1.18185
7055.0 1.20179
7055.65 1.21815
7056.3 1.22422
7056.95 1.21602
7057.6 1.19352
7058.25 1.16098
7058.9 1.12616
7059.55 1.09814
7060.2 1.0844
7060.85 1.0884
7061.5 1.1087
7062.15 1.13978
7062.8 1.17384
7063.45 1.20284
7064.1 1.22024
7064.75 1.22239
7065.4 1.20964
7066.05 1.18656
7066.7 1.16096
7067.35 1.14142
7068.0 1.13429
7068.65 1.14134
7069.3 1.15932
7069.95 1.18154
7070.6 1.20065
7071.25 1.21113
7071.9 1.21058
7072.55 1.19953
7073.2 1.18054
7073.85 1.1573
7074.5 1.13394
7075.15 1.11465
7075.8 1.10299
7076.45 1.10109
7077.1 1.10888
7077.75 1.12401
7078.4 1.14249
7079.05 1.15984
7079.7 1.17223
7080.35 1.17727
7081.0 1.17422
7081.65 1.16389
7082.3 1.14844
7082.95 1.131
7083.6 1.11507
7084.25 1.10369
7084.9 1.09825
7085.55 1.09774
7086.2 1.09896
7086.85 1.09777
7087.5 1.09109
7088.15 1.07822
7088.8 1.06097
7089.45 1.04254
7090.1 1.02605
7090.75 1.01358
7091.4 1.00619
7092.05 1.00445
7092.7 1.00861
7093.35 1.0183
7094.0 1.03193
7094.65 1.04673
7095.3 1.05955
7095.95 1.06819
7096.6 1.07209
7097.25 1.0722
7097.9 1.06997
7098.55 1.06658
7099.2 1.06277
7099.85 1.05925
7100.5 1.05728
7101.15 1.05846
7101.8 1.06392
7102.45 1.07312
7103.1 1.08326
7103.75 1.0898
7104.4 1.08819
7105.05 1.07576
7105.7 1.05298
7106.35 1.02334
7107.0 0.99198
7107.65 0.963813
7108.3 0.942248
7108.95 0.928815
7109.6 0.923624
7110.25 0.925929
7110.9 0.934357
7111.55 0.946861
7112.2 0.960701
7112.85 0.972829
7113.5 0.980569
7114.15 0.982296
7114.8 0.977798
7115.45 0.968129
7116.1 0.955056
7116.75 0.940416
7117.4 0.92579
7118.05 0.912601
7118.7 0.902322
7119.35 0.896381
7120.0 0.895561
7120.65 0.899407
7121.3 0.906183
7121.95 0.913589
7122.6 0.919793
7123.25 0.924072
7123.9 0.926847
7124.55 0.929256
7125.2 0.932478
7125.85 0.937001
7126.5 0.942109
7127.15 0.946052
7127.8 0.94699
7128.45 0.94438
7129.1 0.939794
7129.75 0.936545
7130.4 0.938211
7131.05 0.946912
7131.7 0.9623
7132.35 0.981738
7133.0 1.00152
7133.65 1.01851
7134.3 1.03135
7134.95 1.04063
7135.6 1.04784
7136.25 1.05379
7136.9 1.05798
7137.55 1.05933
7138.2 1.05786
7138.85 1.0556
7139.5 1.05569
7140.15 1.06015
7140.8 1.06809
7141.45 1.07585
7142.1 1.07902
7142.75 1.07471
7143.4 1.06273
7144.05 1.04521
7144.7 1.02526
7145.35 1.00587
7146.0 0.989249
7146.65 0.976624
7147.3 0.96851
7147.95 0.965043
7148.6 0.966284
7149.25 0.972235
7149.9 0.982546
7150.55 0.99607
7151.2 1.01066
7151.85 1.02347
7152.5 1.03177
7153.15 1.03399
7153.8 1.03045
7154.45 1.02343
7155.1 1.01618
7155.75 1.01128
7156.4 1.00929
7157.05 1.00858
7157.7 1.00661
7158.35 1.00192
7159.0 0.995449
7159.65 0.990349
7160.3 0.990077
7160.95 0.996137
7161.6 1.00691
7162.25 1.01852
7162.9 1.02723
7163.55 1.03181
7164.2 1.03426
7164.85 1.03846
7165.5 1.04759
7166.15 1.06192
7166.8 1.07836
7167.45 1.09191
7168.1 1.09826
7168.75 1.09592
7169.4 1.08685
7170.05 1.07514
7170.7 1.06467
7171.35 1.05722
7172.0 1.05197
7172.65 1.04654
7173.3 1.03874
7173.95 1.02802
7174.6 1.01593
7175.25 1.00537
7175.9 0.999185
7176.55 0.998561
7177.2 1.00229
7177.85 1.00732
7178.5 1.01039
7179.15 1.00992
7179.8 1.00711
7180.45 1.00545
7181.1 1.00885
7181.75 1.01943
7182.4 1.03609
7183.05 1.05478
7183.7 1.07026
7184.35 1.07839
7185.0 1.07784
7185.65 1.07052
7186.3 1.06063
7186.95 1.05276
7187.6 1.04995
7188.25 1.05237
7188.9 1.05744
7189.55 1.06125
7190.2 1.06051
7190.85 1.05424
7191.5 1.04419
7192.15 1.03413
7192.8 1.02813
7193.45 1.02876
7194.1 1.03587
7194.75 1.04656
7195.4 1.05658
7196.05 1.06234
7196.7 1.06257
7197.35 1.05862
7198.0 1.05341
7198.65 1.04998
7199.3 1.05043
7199.95 1.05549
7200.6 1.06457
7201.25 1.07583
7201.9 1.08642
7202.55 1.09308
7203.2 1.09304
7203.85 1.08496
7204.5 1.06948
7205.15 1.04907
7205.8 1.02755
7206.45 1.00925
7207.1 0.99808
7207.75 0.996638
7208.4 1.00546
7209.05 1.02256
7209.7 1.04359
7210.35 1.06304
7211.0 1.07607
7211.65 1.08052
7212.3 1.07793
7212.95 1.07295
7213.6 1.0714
7214.25 1.07784
7214.9 1.09386
7215.55 1.11777
7216.2 1.14525
7216.85 1.17073
7217.5 1.18872
7218.15 1.19515
7218.8 1.18852
7219.45 1.17041
7220.1 1.14529
7220.75 1.11935
7221.4 1.09881
7222.05 1.08826
7222.7 1.08963
7223.35 1.10187
7224.0 1.12121
7224.65 1.14201
7225.3 1.1581
7225.95 1.16462
7226.6 1.15977
7227.25 1.14581
7227.9 1.12851
7228.55 1.11486
7229.2 1.1102
7229.85 1.11603
7230.5 1.12979
7231.15 1.14657
7231.8 1.16154
7232.45 1.17143
7233.1 1.17459
7233.75 1.17013
7234.4 1.1576
7235.05 1.13756
7235.7 1.11261
7236.35 1.08748
7237.0 1.06766
7237.65 1.05737
7238.3 1.05809
7238.95 1.06859
7239.6 1.08604
7240.25 1.10716
7240.9 1.1286
7241.55 1.14672
7242.2 1.15771
7242.85 1.15874
7243.5 1.14961
7244.15 1.13364
7244.8 1.11693
7245.45 1.10596
7246.1 1.10493
7246.75 1.11412
7247.4 1.13005
7248.05 1.14729
7248.7 1.1606
7249.35 1.16658
7250.0 1.16417
7250.65 1.15418
7251.3 1.1385
7251.95 1.11957
7252.6 1.10016
7253.25 1.0832
7253.9 1.07137
7254.55 1.06628
7255.2 1.06768
7255.85 1.07331
7256.5 1.07967
7257.15 1.0835
7257.8 1.08293
7258.45 1.07784
7259.1 1.06919
7259.75 1.05811
7260.4 1.04554
7261.05 1.03234
7261.7 1.01969
7262.35 1.00918
7263.0 1.00252
7263.65 1.00096
7264.3 1.00489
7264.95 1.01358
7265.6 1.02524
7266.25 1.03748
7266.9 1.04788
7267.55 1.05475
7268.2 1.05759
7268.85 1.05708
7269.5 1.05473
7270.15 1.05219
7270.8 1.05089
7271.45 1.05191
7272.1 1.0561
7272.75 1.06396
7273.4 1.07506
7274.05 1.08749
7274.7 1.09774
7275.35 1.10193
7276.0 1.09766
7276.65 1.08571
7277.3 1.07039
7277.95 1.05794
7278.6 1.05369
7279.25 1.05947
7279.9 1.07251
7280.55 1.08673
7281.2 1.09564
7281.85 1.09572
7282.5 1.08823
7283.15 1.07854
7283.8 1.07292
7284.45 1.07485
7285.1 1.08305
7285.75 1.09223
7286.4 1.09599
7287.05 1.08984
7287.7 1.07264
7288.35 1.04637
7289.0 1.0148
7289.65 0.982332
7290.3 0.953281
7290.95 0.931463
7291.6 0.919592
7292.25 0.918737
7292.9 0.927833
7293.55 0.943763
7294.2 0.962055
7294.85 0.978022
7295.5 0.988024
7296.15 0.990535
7296.8 0.986678
7297.45 0.979813
7298.1 0.974129
7298.75 0.972753
7299.4 0.976411
7300.05 0.983468
7300.7 0.9913
7301.35 0.99806
7302.0 1.00368
7302.65 1.00951
7303.3 1.01708
7303.95 1.02687
7304.6 1.03791
7305.25 1.0483
7305.9 1.05632
7306.55 1.06131
7307.2 1.06386
7307.85 1.06511
7308.5 1.06567
7309.15 1.06499
7309.8 1.06169
7310.45 1.05481
7311.1 1.04517
7311.75 1.03567
7312.4 1.03014
7313.05 1.03132
7313.7 1.03911
7314.35 1.05047
7315.0 1.06093
7315.65 1.06717
7316.3 1.06896
7316.95 1.06964
7317.6 1.07449
7318.25 1.08803
7318.9 1.11113
7319.55 1.13968
7320.2 1.16538
7320.85 1.17874
7321.5 1.17303
7322.15 1.14739
7322.8 1.10746
7323.45 1.06329
7324.1 1.02538
7324.75 1.0009
7325.4 0.991668
7326.05 0.994666
7326.7 1.00439
7327.35 1.01584
7328.0 1.0265
7328.65 1.03657
7329.3 1.04754
7329.95 1.06016
7330.6 1.07309
7331.25 1.08321
7331.9 1.0874
7332.55 1.0846
7333.2 1.07677
7333.85 1.06794
7334.5 1.06202
7335.15 1.06055
7335.8 1.06206
7336.45 1.06325
7337.1 1.06108
7337.75 1.05446
7338.4 1.04463
7339.05 1.03426
7339.7 1.02606
7340.35 1.02154
7341.0 1.02056
7341.65 1.02181
7342.3 1.02374
7342.95 1.02547
7343.6 1.02712
7344.25 1.02946
7344.9 1.03311
7345.55 1.03796
7346.2 1.04312
7346.85 1.04733
7347.5 1.04976
7348.15 1.0505
7348.8 1.05071
7349.45 1.05201
7350.1 1.05551
7350.75 1.06088
7351.4 1.06621
7352.05 1.06867
7352.7 1.06576
7353.35 1.05655
7354.0 1.04226
7354.65 1.02622
7355.3 1.01302
7355.95 1.00699
7356.6 1.0106
7357.25 1.02312
7357.9 1.0407
7358.55 1.05778
7359.2 1.06932
7359.85 1.07274
7360.5 1.06853
7361.15 1.05957
7361.8 1.04971
7362.45 1.04221
7363.1 1.03878
7363.75 1.03927
7364.4 1.04202
7365.05 1.04479
7365.7 1.0457
7366.35 1.04401
7367.0 1.04035
7367.65 1.03646
7368.3 1.03444
7368.95 1.03604
7369.6 1.04201
7370.25 1.05169
7370.9 1.06309
7371.55 1.07325
7372.2 1.07922
7372.85 1.07917
7373.5 1.07324
7374.15 1.06366
7374.8 1.05391
7375.45 1.04726
7376.1 1.04544
7376.75 1.04811
7377.4 1.05331
7378.05 1.05845
7378.7 1.06137
7379.35 1.061
7380.0 1.05754
7380.65 1.05202
7381.3 1.04582
7381.95 1.04015
7382.6 1.03599
7383.25 1.03405
7383.9 1.03494
7384.55 1.03905
7385.2 1.04612
7385.85 1.05487
7386.5 1.06301
7387.15 1.06798
7387.8 1.06809
7388.45 1.06344
7389.1 1.05603
7389.75 1.04883
7390.4 1.04442
7391.05 1.04417
7391.7 1.04836
7392.35 1.0567
7393.0 1.0688
7393.65 1.08381
7394.3 1.09991
7394.95 1.11419
7395.6 1.12364
7396.25 1.12646
7396.9 1.12316
7397.55 1.1164
7398.2 1.1097
7398.85 1.10591
7399.5 1.10623
7400.15 1.11009
7400.8 1.11584
7401.45 1.12138
7402.1 1.12472
7402.75 1.12433
7403.4 1.11942
7404.05 1.1103
7404.7 1.09839
7405.35 1.08597
7406.0 1.07541
7406.65 1.06837
7407.3 1.06535
7407.95 1.06586
7408.6 1.06897
7409.25 1.07362
7409.9 1.07871
7410.55 1.08277
7411.2 1.08402
7411.85 1.08079
7412.5 1.0725
7413.15 1.06036
7413.8 1.04738
7414.45 1.03726
7415.1 1.03272
7415.75 1.03421
7416.4 1.03969
7417.05 1.04573
7417.7 1.04922
7418.35 1.04865
7419.0 1.04438
7419.65 1.0378
7420.3 1.03032
7420.95 1.0229
7421.6 1.01642
7422.25 1.01239
7422.9 1.01309
7423.55 1.02077
7424.2 1.03631
7424.85 1.05817
7425.5 1.08248
7426.15 1.1043
7426.8 1.11952
7427.45 1.12621
7428.1 1.12493
7428.75 1.11788
7429.4 1.10765
7430.05 1.09633
7430.7 1.08547
7431.35 1.07646
7432.0 1.0707
7432.65 1.06923
7433.3 1.07199
7433.95 1.07745
7434.6 1.08313
7435.25 1.08677
7435.9 1.08733
7436.55 1.08521
7437.2 1.08157
7437.85 1.07739
7438.5 1.0729
7439.15 1.06784
7439.8 1.06202
7440.45 1.05599
7441.1 1.05109
7441.75 1.04892
7442.4 1.05044
7443.05 1.05531
7443.7 1.06194
7444.35 1.06829
7445.0 1.07273
7445.65 1.07443
7446.3 1.07327
7446.95 1.06954
7447.6 1.06399
7448.25 1.05789
7448.9 1.05297
7449.55 1.05096
7450.2 1.05297
7450.85 1.05911
7451.5 1.06855
7452.15 1.07974
7452.8 1.09077
7453.45 1.09963
7454.1 1.10463
7454.75 1.10466
7455.4 1.09943
7456.05 1.08935
7456.7 1.0754
7457.35 1.05887
7458.0 1.04128
7458.65 1.02424
7459.3 1.00925
7459.95 0.997503
7460.6 0.989699
7461.25 0.986202
7461.9 0.987237
7462.55 0.992941
7463.2 1.00315
7463.85 1.01699
7464.5 1.03281
7465.15 1.04839
7465.8 1.06165
7466.45 1.07121
7467.1 1.07667
7467.75 1.07836
7468.4 1.077
7469.05 1.07331
7469.7 1.06777
7470.35 1.06063
7471.0 1.05211
7471.65 1.04281
7472.3 1.03396
7472.95 1.02736
7473.6 1.02483
7474.25 1.0273
7474.9 1.03422
7475.55 1.0435
7476.2 1.05228
7476.85 1.0583
7477.5 1.06096
7478.15 1.06153
7478.8 1.06219
7479.45 1.06447
7480.1 1.06807
7480.75 1.071
7481.4 1.07097
7482.05 1.06704
7482.7 1.0606
7483.35 1.055
7484.0 1.05399
7484.65 1.06003
7485.3 1.07298
7485.95 1.08999
7486.6 1.10649
7487.25 1.11788
7487.9 1.12131
7488.55 1.1165
7489.2 1.10535
7489.85 1.0906
7490.5 1.07445
7491.15 1.05806
7491.8 1.04215
7492.45 1.02796
7493.1 1.0176
7493.75 1.01354
7494.4 1.01743
7495.05 1.02909
7495.7 1.04622
7496.35 1.06496
7497.0 1.08114
7497.65 1.09157
7498.3 1.09509
7498.95 1.09275
7499.6 1.08724
7500.25 1.08157
7500.9 1.0778
7501.55 1.07647
7502.2 1.07676
7502.85 1.07732
7503.5 1.07716
7504.15 1.0762
7504.8 1.07516
7505.45 1.07499
7506.1 1.0761
7506.75 1.07793
7507.4 1.07907
7508.05 1.07796
7508.7 1.07391
7509.35 1.06758
7510.0 1.06084
7510.65 1.0559
7511.3 1.05429
7511.95 1.05623
7512.6 1.06069
7513.25 1.06592
7513.9 1.07011
7514.55 1.07204
7515.2 1.07139
7515.85 1.06888
7516.5 1.06608
7517.15 1.06493
7517.8 1.06696
7518.45 1.07265
7519.1 1.08124
7519.75 1.09108
7520.4 1.1004
7521.05 1.10799
7521.7 1.11348
7522.35 1.11716
7523.0 1.11959
7523.65 1.12131
7524.3 1.12284
7524.95 1.12486
7525.6 1.12835
7526.25 1.13428
7526.9 1.14306
7527.55 1.15393
7528.2 1.16499
7528.85 1.17391
7529.5 1.17904
7530.15 1.18023
7530.8 1.17871
7531.45 1.17638
7532.1 1.17472
7532.75 1.17427
7533.4 1.17449
7534.05 1.17414
7534.7 1.17177
7535.35 1.16632
7536.0 1.15746
7536.65 1.1458
7537.3 1.13272
7537.95 1.12003
7538.6 1.10952
7539.25 1.10258
7539.9 1.0999
7540.55 1.10131
7541.2 1.10573
7541.85 1.11163
7542.5 1.11748
7543.15 1.12235
7543.8 1.12607
7544.45 1.12908
7545.1 1.13198
7545.75 1.13511
7546.4 1.13826
7547.05 1.14076
7547.7 1.14186
7548.35 1.14127
7549.0 1.13941
7549.65 1.13728
7550.3 1.13594
7550.95 1.13596
7551.6 1.13719
7552.25 1.139
7552.9 1.14063
7553.55 1.14156
7554.2 1.14163
7554.85 1.1409
7555.5 1.13941
7556.15 1.13711
7556.8 1.13398
7557.45 1.13043
7558.1 1.12741
7558.75 1.12627
7559.4 1.12811
7560.05 1.13324
7560.7 1.14105
7561.35 1.15021
7562.0 1.15919
7562.65 1.1665
7563.3 1.17084
7563.95 1.17119
7564.6 1.16711
7565.25 1.15898
7565.9 1.14819
7566.55 1.13699
7567.2 1.12802
7567.85 1.12365
7568.5 1.12525
7569.15 1.13271
7569.8 1.14433
7570.45 1.1574
7571.1 1.16893
7571.75 1.17661
7572.4 1.17937
7573.05 1.17756
7573.7 1.1727
7574.35 1.16689
7575.0 1.16206
7575.65 1.15947
7576.3 1.15952
7576.95 1.16175
7577.6 1.16516
7578.25 1.16837
7578.9 1.16982
7579.55 1.168
7580.2 1.1619
7580.85 1.1515
7581.5 1.13807
7582.15 1.12397
7582.8 1.1121
7583.45 1.10506
7584.1 1.10446
7584.75 1.11049
7585.4 1.12196
7586.05 1.13666
7586.7 1.15188
7587.35 1.16499
7588.0 1.17381
7588.65 1.17689
7589.3 1.1738
7589.95 1.16533
7590.6 1.15356
7591.25 1.14139
7591.9 1.13169
7592.55 1.12624
7593.2 1.12504
7593.85 1.12627
7594.5 1.12675
7595.15 1.12277
7595.8 1.11073
7596.45 1.08778
7597.1 1.05232
7597.75 1.00447
7598.4 0.946378
7599.05 0.882104
7599.7 0.816872
7600.35 0.755825
7601.0 0.702668
7601.65 0.6588
7602.3 0.623331
7602.95 0.593887
7603.6 0.567864
7604.25 0.543445
7604.9 0.52001
7605.55 0.497927
7606.2 0.477971
7606.85 0.460792
7607.5 0.446668
7608.15 0.435586
7608.8 0.427433
7609.45 0.422113
7610.1 0.419489
7610.75 0.419325
7611.4 0.421345
7612.05 0.425435
7612.7 0.431836
7613.35 0.441102
7614.0 0.45381
7614.65 0.470216
7615.3 0.490125
7615.95 0.513135
7616.6 0.53903
7617.25 0.568049
7617.9 0.6008
7618.55 0.638038
7619.2 0.680427
7619.85 0.72825
7620.5 0.780899
7621.15 0.836202
7621.8 0.88993
7622.45 0.936214
7623.1 0.968953
7623.75 0.983655
7624.4 0.978823
7625.05 0.956188
7625.7 0.919919
7626.35 0.875514
7627.0 0.828897
7627.65 0.785796
7628.3 0.750991
7628.95 0.727319
7629.6 0.714974
7630.25 0.711855
7630.9 0.715048
7631.55 0.722357
7632.2 0.732579
7632.85 0.744359
7633.5 0.75487
7634.15 0.760118
7634.8 0.75711
7635.45 0.746271
7636.1 0.731855
7636.75 0.719671
7637.4 0.71371
7638.05 0.714289
7638.7 0.71894
7639.35 0.724975
7640.0 0.731378
7640.65 0.738483
7641.3 0.746095
7641.95 0.752165
7642.6 0.75356
7643.25 0.748629
7643.9 0.739328
7644.55 0.730895
7645.2 0.728828
7645.85 0.735194
7646.5 0.747031
7647.15 0.758207
7647.8 0.763578
7648.45 0.762605
7649.1 0.759867
7649.75 0.76212
7650.4 0.773827
7651.05 0.794179
7651.7 0.817592
7652.35 0.837304
7653.0 0.849657
7653.65 0.856189
7654.3 0.862167
7654.95 0.872624
7655.6 0.888674
7656.25 0.906579
7656.9 0.920203
7657.55 0.92511
7658.2 0.92156
7658.85 0.914479
7659.5 0.910486
7660.15 0.913851
7660.8 0.923919
7661.45 0.935528
7662.1 0.942172
7662.75 0.940025
7663.4 0.930459
7664.05 0.919555
7664.7 0.914894
7665.35 0.921549
7666.0 0.939601
7666.65 0.964472
7667.3 0.989618
7667.95 1.00973
7668.6 1.02275
7669.25 1.02987
7669.9 1.03413
7670.55 1.03863
7671.2 1.0452
7671.85 1.05406
7672.5 1.06409
7673.15 1.07364
7673.8 1.08126
7674.45 1.08633
7675.1 1.08926
7675.75 1.09127
7676.4 1.09372
7677.05 1.09728
7677.7 1.10147
7678.35 1.1047
7679.0 1.105
7679.65 1.10101
7680.3 1.09284
7680.95 1.08231
7681.6 1.07254
7682.25 1.06684
7682.9 1.0675
7683.55 1.07495
7684.2 1.08758
7684.85 1.10249
7685.5 1.11659
7686.15 1.1277
7686.8 1.13501
7687.45 1.13882
7688.1 1.13999
7688.75 1.13933
7689.4 1.13746
7690.05 1.13495
7690.7 1.13248
7691.35 1.13085
7692.0 1.13061
7692.65 1.13181
7693.3 1.13392
7693.95 1.13608
7694.6 1.13752
7695.25 1.13784
7695.9 1.13706
7696.55 1.13557
7697.2 1.13395
7697.85 1.13286
7698.5 1.13285
7699.15 1.13416
7699.8 1.13649
7700.45 1.13895
7701.1 1.14034
7701.75 1.13971
7702.4 1.13691
7703.05 1.13283
7703.7 1.12904
7704.35 1.12703
7705.0 1.12736
7705.65 1.1293
7706.3 1.13124
7706.95 1.13168
7707.6 1.13019
7708.25 1.12776
7708.9 1.12632
7709.55 1.12756
7710.2 1.13175
7710.85 1.13752
7711.5 1.14245
7712.15 1.14448
7712.8 1.143
7713.45 1.1391
7714.1 1.13479
7714.75 1.13176
7715.4 1.13066
7716.05 1.1313
7716.7 1.13349
7717.35 1.13765
7718.0 1.14449
7718.65 1.15396
7719.3 1.16441
7719.95 1.17272
7720.6 1.17567
7721.25 1.17144
7721.9 1.16054
7722.55 1.1455
7723.2 1.12967
7723.85 1.11608
7724.5 1.10682
7725.15 1.10303
7725.8 1.105
7726.45 1.11194
7727.1 1.12176
7727.75 1.13107
7749.2 0.967642
7749.85 0.973321
7750.5 0.978227
7751.15 0.981248
7751.8 0.981222
7752.45 0.976917
7753.1 0.967261
7753.75 0.952244
7754.4 0.933977
7755.05 0.917035
7755.7 0.907153
7756.35 0.908688
7757.0 0.922286
7757.65 0.944471
7758.3 0.969433
7758.95 0.991767
7759.6 1.00838
7760.25 1.01874
7760.9 1.02379
7761.55 1.02474
7762.2 1.02242
7762.85 1.01747
7763.5 1.01074
7764.15 1.00356
7764.8 0.997402
7765.45 0.993267
7766.1 0.991242
7766.75 0.990597
7767.4 0.990477
7768.05 0.990583
7768.7 0.991227
7769.35 0.992811
7770.0 0.995178
7770.65 0.997513
7771.3 0.998777
7771.95 0.998387
7772.6 0.996542
7773.25 0.99407
7773.9 0.991994
7774.55 0.991152
7775.2 0.992043
7775.85 0.994778
7776.5 0.99893
7777.15 1.00341
7777.8 1.00656
7778.45 1.00677
7779.1 1.00338
7779.75 0.997254
7780.4 0.990513
7781.05 0.985466
7781.7 0.983372
7782.35 0.98388
7783.0 0.985499
7783.65 0.986721
7784.3 0.986965
7784.95 0.986751
7785.6 0.986986
7786.25 0.988049
7786.9 0.989335
7787.55 0.98965
7788.2 0.98807
7788.85 0.98459
7789.5 0.980088
7790.15 0.975729
7790.8 0.972408
7791.45 0.970477
7792.1 0.969848
7792.75 0.970112
7793.4 0.970623
7794.05 0.970649
7794.7 0.969533
7795.35 0.966761
7796.0 0.961817
7796.65 0.954148
7797.3 0.943625
7797.95 0.931444
7798.6 0.920694
7799.25 0.915712
7799.9 0.920218
7800.55 0.935295
7801.2 0.958561
7801.85 0.985131
7802.5 1.00963
7803.15 1.02806
7803.8 1.0387
7804.45 1.04189
7805.1 1.03935
7805.75 1.03327
7806.4 1.02563
7807.05 1.01787
7807.7 1.01078
7808.35 1.00464
7809.0 0.999234
7809.65 0.994054
7810.3 0.988435
7810.95 0.981907
7811.6 0.974498
7812.25 0.966821
7812.9 0.959912
7813.55 0.954886
7814.2 0.952638
7814.85 0.953651
7815.5 0.957927
7816.15 0.964985
7816.8 0.973936
7817.45 0.983627
7818.1 0.992827
7818.75 1.0005
7819.4 1.00604
7820.05 1.0094
7820.7 1.011
7821.35 1.01154
7822.0 1.01168
7822.65 1.01166
7823.3 1.01102
7823.95 1.00869
7824.6 1.00365
7825.25 0.995777
7825.9 0.986448
7826.55 0.978074
7827.2 0.972817
7827.85 0.971289
7828.5 0.972279
7829.15 0.973722
7829.8 0.97413
7830.45 0.973387
7831.1 0.972407
7831.75 0.972172
7832.4 0.972972
7833.05 0.974412
7833.7 0.975995
7834.35 0.977675
7835.0 0.979971
7835.65 0.983595
7836.3 0.989006
7836.95 0.996123
7837.6 1.00426
7838.25 1.01229
7838.9 1.01889
7839.55 1.02289
7840.2 1.02361
7840.85 1.02106
7841.5 1.01594
7842.15 1.0093
7842.8 1.00218
7843.45 0.995196
7844.1 0.988535
7844.75 0.981964
7845.4 0.974935
7846.05 0.966527
7846.7 0.955367
7847.35 0.93987
7848.0 0.918958
7848.65 0.89307
7849.3 0.864789
7849.95 0.838527
7850.6 0.819104
7851.25 0.809992
7851.9 0.812162
7852.55 0.824099
7853.2 0.842836
7853.85 0.865279
7854.5 0.889033
7855.15 0.912437
7855.8 0.934031
7856.45 0.952126
7857.1 0.964905
7857.75 0.971131
7858.4 0.971074
7859.05 0.966827
7859.7 0.96173
7860.35 0.959049
7861.0 0.960618
7861.65 0.966153
7862.3 0.973503
7862.95 0.979649
7863.6 0.982038
7864.25 0.979617
7864.9 0.973181
7865.55 0.96493
7866.2 0.957392
7866.85 0.952238
7867.5 0.949369
7868.15 0.946619
7868.8 0.940262
7869.45 0.926256
7870.1 0.90192
7870.75 0.867516
7871.4 0.826969
7872.05 0.787081
7872.7 0.755219
7873.35 0.736389
7874.0 0.731176
7874.65 0.735791
7875.3 0.744339
7875.95 0.751817
7876.6 0.756044
7877.25 0.757622
7877.9 0.758367
7878.55 0.759764
7879.2 0.762443
7879.85 0.766593
7880.5 0.772505
7881.15 0.7805
7881.8 0.790361
7882.45 0.800891
7883.1 0.810139
7883.75 0.816279
7884.4 0.818547
7885.05 0.817555
7885.7 0.814773
7886.35 0.811667
7887.0 0.809058
7887.65 0.807042
7888.3 0.805238
7888.95 0.802852
7889.6 0.79842
7890.25 0.789477
7890.9 0.772753
7891.55 0.745245
7892.2 0.705945
7892.85 0.657367
7893.5 0.605836
7894.15 0.560087
7894.8 0.528548
7895.45 0.516524
7896.1 0.524629
7896.75 0.549063
7897.4 0.583321
7898.05 0.620388
7898.7 0.654528
7899.35 0.682202
7900.0 0.702131
7900.65 0.714757
7901.3 0.721449
7901.95 0.723902
7902.6 0.723836
7903.25 0.722917
7903.9 0.722445
7904.55 0.722828
7905.2 0.723237
7905.85 0.721935
7906.5 0.717393
7907.15 0.709471
7907.8 0.699876
7908.45 0.691352
7909.1 0.686041
7909.75 0.684112
7910.4 0.683681
7911.05 0.68211
7911.7 0.67787
7912.35 0.671572
7913.0 0.665426
7913.65 0.66164
7914.3 0.660994
7914.95 0.66266
7915.6 0.665253
7916.25 0.668124
7916.9 0.671948
7917.55 0.678235
7918.2 0.688179
7918.85 0.701579
7919.5 0.71646
7920.15 0.729651
7920.8 0.738333
7921.45 0.741872
7922.1 0.742911
7922.75 0.746734
7923.4 0.758756
7924.05 0.781314
7924.7 0.811701
7925.35 0.842708
7926.0 0.865538
7926.65 0.873505
7927.3 0.864732
7927.95 0.842555
7928.6 0.813722
7929.25 0.785487
7929.9 0.76289
7930.55 0.747471
7931.2 0.73783
7931.85 0.731522
7932.5 0.726964
7933.15 0.723947
7933.8 0.722599
7934.45 0.721877
7935.1 0.71922
7935.75 0.712043
7936.4 0.70007
7937.05 0.686474
7937.7 0.676647
7938.35 0.675036
7939.0 0.682153
7939.65 0.693857
7940.3 0.703386
7940.95 0.704929
7941.6 0.69661
7942.25 0.681256
7942.9 0.664864
7943.55 0.653763
7944.2 0.652043
7944.85 0.660314
7945.5 0.67594
7946.15 0.694393
7946.8 0.710962
7947.45 0.722288
7948.1 0.727217
7948.75 0.726877
7949.4 0.723952
7950.05 0.721417
7950.7 0.721337
7951.35 0.724123
7952.0 0.728557
7952.65 0.732465
7953.3 0.733706
7953.95 0.731109
7954.6 0.725
7955.25 0.717195
7955.9 0.710439
7956.55 0.707438
7957.2 0.709791
7957.85 0.717332
7958.5 0.728145
7959.15 0.739248
7959.8 0.747672
7960.45 0.751435
7961.1 0.750223
7961.75 0.74553
7962.4 0.740152
7963.05 0.737157
7963.7 0.738621
7964.35 0.74494
7965.0 0.754891
7965.65 0.766462
7966.3 0.777828
7966.95 0.787953
7967.6 0.796546
7968.25 0.803563
7968.9 0.808715
7969.55 0.8114
7970.2 0.81117
7970.85 0.808421
7971.5 0.804663
7972.15 0.802034
7972.8 0.802195
7973.45 0.805345
7974.1 0.809905
7974.75 0.813145
7975.4 0.812364
7976.05 0.806058
7976.7 0.794658
7977.35 0.780508
7978.0 0.76725
7978.65 0.75882
7979.3 0.758455
7979.95 0.767868
7980.6 0.786554
7981.25 0.811512
7981.9 0.837595
7982.55 0.858731
7983.2 0.869742
7983.85 0.868145
7984.5 0.855115
7985.15 0.835178
7985.8 0.814816
7986.45 0.800486
7987.1 0.796663
7987.75 0.804493
7988.4 0.821497
7989.05 0.842565
7989.7 0.861869
7990.35 0.874915
7991.0 0.879668
7991.65 0.87654
7992.3 0.867696
7992.95 0.856405
7993.6 0.846856
7994.25 0.843912
7994.9 0.852014
7995.55 0.872974
7996.2 0.903891
7996.85 0.936814
7997.5 0.961185
7998.15 0.968194
7998.8 0.954642
7999.45 0.924015
8000.1 0.884267
8000.75 0.844028
8001.4 0.809795
8002.05 0.785265
8002.7 0.772092
8003.35 0.770393
8004.0 0.778415
8004.65 0.792156
8005.3 0.806046
8005.95 0.814907
8006.6 0.816033
8007.25 0.810085
8007.9 0.800154
8008.55 0.789888
8009.2 0.781928
8009.85 0.777496
8010.5 0.77698
8011.15 0.780665
8011.8 0.788803
8012.45 0.800903
8013.1 0.815021
8013.75 0.827836
8014.4 0.835872
8015.05 0.837232
8015.7 0.832723
8016.35 0.825523
8017.0 0.819477
8017.65 0.817018
8018.3 0.818079
8018.95 0.820623
8019.6 0.822355
8020.25 0.822233
8020.9 0.820715
8021.55 0.81876
8022.2 0.816628
8022.85 0.813669
8023.5 0.809316
8024.15 0.804311
8024.8 0.801026
8025.45 0.80245
8026.1 0.810349
8026.75 0.823921
8027.4 0.839948
8028.05 0.854342
8028.7 0.86416
8029.35 0.868794
8030.0 0.869764
8030.65 0.869458
8031.3 0.869794
8031.95 0.871577
8032.6 0.87469
8033.25 0.878665
8033.9 0.883099
8034.55 0.887658
8035.2 0.891736
8035.85 0.894168
8036.5 0.893309
8037.15 0.887629
8037.8 0.876559
8038.45 0.861092
8039.1 0.843678
8039.75 0.827252
8040.4 0.813918
8041.05 0.803997
8041.7 0.796179
8042.35 0.788766
8043.0 0.781117
8043.65 0.774144
8044.3 0.769572
8044.95 0.768481
8045.6 0.770359
8046.25 0.773285
8046.9 0.775
8047.55 0.774051
8048.2 0.770422
8048.85 0.765486
8049.5 0.761464
8050.15 0.760547
8050.8 0.764048
8051.45 0.772075
8052.1 0.783923
8052.75 0.798828
8053.4 0.816343
8054.05 0.835926
8054.7 0.856202
8055.35 0.874631
8056.0 0.888047
8056.65 0.89376
8057.3 0.890606
8057.95 0.879448
8058.6 0.863054
8059.25 0.845403
8059.9 0.830619
8060.55 0.821802
8061.2 0.820132
8061.85 0.824756
8062.5 0.833365
8063.15 0.843026
8063.8 0.850763
8064.45 0.853841
8065.1 0.850123
8065.75 0.838751
8066.4 0.820883
8067.05 0.799785
8067.7 0.779771
8068.35 0.764338
8069.0 0.754617
8069.65 0.749182
8070.3 0.745227
8070.95 0.740256
8071.6 0.733327
8072.25 0.725389
8072.9 0.71881
8073.55 0.7165
8074.2 0.720873
8074.85 0.732898
8075.5 0.751514
8076.15 0.773653
8076.8 0.794832
8077.45 0.810197
8078.1 0.815604
8078.75 0.808799
8079.4 0.790433
8080.05 0.764457
8080.7 0.737313
8081.35 0.715834
8082.0 0.704778
8082.65 0.70522
8083.3 0.714684
8083.95 0.728739
8084.6 0.742862
8085.25 0.753569
8085.9 0.758455
8086.55 0.755853
8087.2 0.744736
8087.85 0.725137
8088.5 0.698702
8089.15 0.668833
8089.8 0.640188
8090.45 0.617663
8091.1 0.605229
8091.75 0.604893
8092.4 0.616001
8093.05 0.63519
8093.7 0.657246
8094.35 0.676832
8095.0 0.690409
8095.65 0.697318
8096.3 0.69936
8096.95 0.699155
8097.6 0.698424
8098.25 0.697208
8098.9 0.694319
8099.55 0.688357
8100.2 0.678484
8100.85 0.664576
8101.5 0.647007
8102.15 0.626651
8102.8 0.605177
8103.45 0.585365
8104.1 0.570903
8104.75 0.56544
8105.4 0.571178
8106.05 0.587755
8106.7 0.612081
8107.35 0.639344
8108.0 0.66476
8108.65 0.685147
8109.3 0.699421
8109.95 0.707873
8110.6 0.710876
8111.25 0.708176
8111.9 0.699417
8112.55 0.685433
8113.2 0.669195
8113.85 0.655406
8114.5 0.648766
8115.15 0.651854
8115.8 0.663917
8116.45 0.681224
8117.1 0.698742
8117.75 0.712229
8118.4 0.719686
8119.05 0.721675
8119.7 0.720464
8120.35 0.718567
8121.0 0.717357
8121.65 0.716441
8122.3 0.713998
8122.95 0.707935
8123.6 0.697298
8124.25 0.683225
8124.9 0.668968
8125.55 0.658823
8126.2 0.656337
8126.85 0.66262
8127.5 0.675641
8128.15 0.691074
8128.8 0.70448
8129.45 0.713616
8130.1 0.71946
8130.75 0.725159
8131.4 0.733531
8132.05 0.744744
8132.7 0.755778
8133.35 0.761931
8134.0 0.759446
8134.65 0.747629
8135.3 0.729357
8135.95 0.709813
8136.6 0.694143
8137.25 0.685313
8137.9 0.683136
8138.55 0.685
8139.2 0.687773
8139.85 0.689712
8140.5 0.691292
8141.15 0.694606
8141.8 0.701871
8142.45 0.713968
8143.1 0.729721
8143.75 0.746184
8144.4 0.759678
8145.05 0.76702
8145.7 0.766519
8146.35 0.758403
8147.0 0.744765
8147.65 0.729154
8148.3 0.715806
8148.95 0.708485
8149.6 0.709142
8150.25 0.71694
8150.9 0.728473
8151.55 0.739334
8152.2 0.746346
8152.85 0.749094
8153.5 0.749859
8154.15 0.752106
8154.8 0.758483
8155.45 0.769469
8156.1 0.78328
8156.75 0.796805
8157.4 0.806838
8158.05 0.810987
8158.7 0.808082
8159.35 0.798372
8160.0 0.783701
8160.65 0.767458
8161.3 0.753778
8161.95 0.74599
8162.6 0.745037
8163.25 0.748926
8163.9 0.753663
8164.55 0.755203
8165.2 0.751255
8165.85 0.742105
8166.5 0.730282
8167.15 0.719402
8167.8 0.712781
8168.45 0.712279
8169.1 0.717825
8169.75 0.727628
8170.4 0.738898
8171.05 0.748669
8171.7 0.754597
8172.35 0.755586
8173.0 0.752186
8173.65 0.74658
8174.3 0.741867
8174.95 0.740825
8175.6 0.744715
8176.25 0.752784
8176.9 0.762667
8177.55 0.771497
8178.2 0.777116
8178.85 0.778923
8179.5 0.777986
8180.15 0.776349
8180.8 0.775829
8181.45 0.776992
8182.1 0.778933
8182.75 0.779986
8183.4 0.778787
8184.05 0.774943
8184.7 0.769073
8185.35 0.762527
8186.0 0.757262
8186.65 0.755757
8187.3 0.760529
8187.95 0.772888
8188.6 0.791624
8189.25 0.812722
8189.9 0.830737
8190.55 0.841229
8191.2 0.842743
8191.85 0.837135
8192.5 0.828258
8193.15 0.820082
8193.8 0.815456
8194.45 0.815794
8195.1 0.821237
8195.75 0.830748
8196.4 0.842077
8197.05 0.851997
8197.7 0.857089
8198.35 0.854907
8199.0 0.844944
8199.65 0.828908
8200.3 0.810088
8200.95 0.79208
8201.6 0.77751
8202.25 0.767395
8202.9 0.761353
8203.55 0.75838
8204.2 0.757588
8204.85 0.758455
8205.5 0.760713
8206.15 0.764216
8206.8 0.768991
8207.45 0.775332
8208.1 0.783616
8208.75 0.793787
8209.4 0.804891
8210.05 0.81501
8210.7 0.821847
8211.35 0.823709
8212.0 0.820375
8212.65 0.813509
8213.3 0.80635
8213.95 0.802663
8214.6 0.805283
8215.25 0.814817
8215.9 0.829185
8216.55 0.844408
8217.2 0.856304
8217.85 0.862234
8218.5 0.861995
8219.15 0.857518
8219.8 0.851803
8220.45 0.847788
8221.1 0.847665
8221.75 0.852585
8222.4 0.862584
8223.05 0.876526
8223.7 0.892155
8224.35 0.906499
8225.0 0.916676
8225.65 0.920826
8226.3 0.91894
8226.95 0.912998
8227.6 0.906184
8228.25 0.901426
8228.9 0.899874
8229.55 0.900257
8230.2 0.899543
8230.85 0.89457
8231.5 0.883737
8232.15 0.867792
8232.8 0.849345
8233.45 0.831624
8234.1 0.817285
8234.75 0.80792
8235.4 0.80426
8236.05 0.806625
8236.7 0.815055
8237.35 0.82889
8238.0 0.846204
8238.65 0.863729
8239.3 0.877682
8239.95 0.885232
8240.6 0.885845
8241.25 0.881648
8241.9 0.876502
8242.55 0.874125
8243.2 0.87633
8243.85 0.882281
8244.5 0.889151
8245.15 0.893817
8245.8 0.894555
8246.45 0.891766
8247.1 0.887314
8247.75 0.882988
8248.4 0.879213
8249.05 0.874961
8249.7 0.868827
8250.35 0.860446
8251.0 0.851206
8251.65 0.843715
8252.3 0.84038
8252.95 0.842012
8253.6 0.847316
8254.25 0.853532
8254.9 0.857911
8255.55 0.859203
8256.2 0.858384
8256.85 0.858122
8257.5 0.861302
8258.15 0.869345
8258.8 0.88132
8259.45 0.894274
8260.1 0.904571
8260.75 0.909431
8261.4 0.90785
8262.05 0.900617
8262.7 0.889594
8263.35 0.876895
8264.0 0.864471
8264.65 0.854123
8265.3 0.847697
8265.95 0.846902
8266.6 0.852607
8267.25 0.863866
8267.9 0.877466
8268.55 0.888545
8269.2 0.892228
8269.85 0.885539
8270.5 0.86862
8271.15 0.844675
8271.8 0.818814
8272.45 0.796354
8273.1 0.781277
8273.75 0.775277
8274.4 0.777646
8275.05 0.78598
8275.7 0.797384
8276.35 0.80955
8277.0 0.821231
8277.65 0.831959
8278.3 0.841476
8278.95 0.849428
8279.6 0.855617
8280.25 0.860546
8280.9 0.865615
8281.55 0.872569
8282.2 0.882335
8282.85 0.894021
8283.5 0.904912
8284.15 0.911599
8284.8 0.911502
8285.45 0.903886
8286.1 0.890022
8286.75 0.872791
8287.4 0.856272
8288.05 0.845224
8288.7 0.844198
8289.35 0.85611
8290.0 0.880795
8290.65 0.914302
8291.3 0.94945
8291.95 0.977551
8292.6 0.990811
8293.25 0.984518
8293.9 0.958349
8294.55 0.916236
8295.2 0.865056
8295.85 0.812743
8296.5 0.766663
8297.15 0.732643
8297.8 0.714285
8298.45 0.712485
8299.1 0.725311
8299.75 0.748721
8300.4 0.778141
8301.05 0.810128
8301.7 0.842968
8302.35 0.875804
8303.0 0.907126
8303.65 0.933946
8304.3 0.952518
8304.95 0.959967
8305.6 0.955594
8306.25 0.940929
8306.9 0.918745
8307.55 0.892044
8308.2 0.863748
8308.85 0.836951
8309.5 0.814999
8310.15 0.800848
8310.8 0.796052
8311.45 0.800188
8312.1 0.811309
8312.75 0.827049
8313.4 0.845518
8314.05 0.865403
8314.7 0.885222
8315.35 0.902539
8316.0 0.913932
8316.65 0.915897
8317.3 0.906225
8317.95 0.885208
8318.6 0.856054
8319.25 0.824372
8319.9 0.796791
8320.55 0.779065
8321.2 0.774289
8321.85 0.781901
8322.5 0.797942
8323.15 0.816593
8323.8 0.83231
8324.45 0.841729
8325.1 0.844582
8325.75 0.843275
8326.4 0.841311
8327.05 0.841253
8327.7 0.843363
8328.35 0.845677
8329.0 0.845477
8329.65 0.841151
8330.3 0.833239
8330.95 0.824112
8331.6 0.816626
8332.25 0.812733
8332.9 0.812756
8333.55 0.815465
8334.2 0.818603
8334.85 0.819702
8335.5 0.817034
8336.15 0.810606
8336.8 0.802696
8337.45 0.797282
8338.1 0.79835
8338.75 0.807681
8339.4 0.823529
8340.05 0.841113
8340.7 0.854841
8341.35 0.86102
8342.0 0.859425
8342.65 0.852905
8343.3 0.845635
8343.95 0.84109
8344.6 0.841262
8345.25 0.847357
8345.9 0.861144
8346.55 0.885539
8347.2 0.923377
8347.85 0.974627
8348.5 1.03387
8349.15 1.09017
8349.8 1.13031
8350.45 1.14412
8351.1 1.12884
8351.75 1.08993
8352.4 1.03818
8353.05 0.98512
8353.7 0.939459
8354.35 0.905807
8355.0 0.885276
8355.65 0.876599
8356.3 0.876989
8356.95 0.882647
8357.6 0.88936
8358.25 0.893421
8358.9 0.892495
8359.55 0.885916
8360.2 0.874488
8360.85 0.859805
8361.5 0.843738
8362.15 0.828217
8362.8 0.815223
8363.45 0.806726
8364.1 0.804466
8364.75 0.809474
8365.4 0.821542
8366.05 0.83879
8366.7 0.857731
8367.35 0.87403
8368.0 0.883949
8368.65 0.885772
8369.3 0.880575
8369.95 0.871763
8370.6 0.863652
8371.25 0.859717
8371.9 0.861355
8372.55 0.867604
8373.2 0.875849
8373.85 0.883077
8374.5 0.887145
8375.15 0.887619
8375.8 0.885963
8376.45 0.884976
8377.1 0.887591
8377.75 0.895315
8378.4 0.906893
8379.05 0.918041
8379.7 0.922677
8380.35 0.915481
8381.0 0.894724
8381.65 0.863772
8382.3 0.830284
8382.95 0.803269
8383.6 0.789562
8384.25 0.791512
8384.9 0.806909
8385.55 0.830614
8386.2 0.856615
8386.85 0.879524
8387.5 0.895408
8388.15 0.902437
8388.8 0.901379
8389.45 0.895523
8390.1 0.889539
8390.75 0.887547
8391.4 0.891414
8392.05 0.900201
8392.7 0.910931
8393.35 0.91997
8394.0 0.924199
8394.65 0.921712
8395.3 0.912213
8395.95 0.897367
8396.6 0.880696
8397.25 0.866665
8397.9 0.859055
8398.55 0.859424
8399.2 0.86668
8399.85 0.878152
8400.5 0.891445
8401.15 0.905735
8401.8 0.921586
8402.45 0.939485
8403.1 0.958287
8403.75 0.974905
8404.4 0.985467
8405.05 0.987155
8405.7 0.97941
8406.35 0.963941
8407.0 0.943758
8407.65 0.922015
8408.3 0.901276
8408.95 0.883367
8409.6 0.869565
8410.25 0.860855
8410.9 0.857957
8411.55 0.861123
8412.2 0.869783
8412.85 0.882252
8413.5 0.895815
8414.15 0.90725
8414.8 0.913742
8415.45 0.913883
8416.1 0.908203
8416.75 0.899001
8417.4 0.889456
8418.05 0.882533
8418.7 0.8802
8419.35 0.883156
8420.0 0.890876
8420.65 0.901705
8421.3 0.913009
8421.95 0.921501
8422.6 0.923936
8423.25 0.918152
8423.9 0.904168
8424.55 0.88486
8425.2 0.865579
8425.85 0.852475
8426.5 0.84997
8427.15 0.858726
8427.8 0.875277
8428.45 0.893805
8429.1 0.908908
8429.75 0.917853
8430.4 0.921094
8431.05 0.921244
8431.7 0.921409
8432.35 0.923888
8433.0 0.929557
8433.65 0.937781
8434.3 0.946562
8434.95 0.952883
8435.6 0.953405
8436.25 0.945557
8436.9 0.928698
8437.55 0.904773
8438.2 0.878112
8438.85 0.854301
8439.5 0.838484
8440.15 0.833698
8440.8 0.839832
8441.45 0.853756
8442.1 0.870565
8442.75 0.885481
8443.4 0.895534
8444.05 0.900334
8444.7 0.90156
8445.35 0.90161
8446.0 0.902106
8446.65 0.903241
8447.3 0.904164
8447.95 0.904182
8448.6 0.903884
8449.25 0.905292
8449.9 0.910797
8450.55 0.921533
8451.2 0.936294
8451.85 0.951684
8452.5 0.963499
8453.15 0.968462
8453.8 0.965451
8454.45 0.955728
8455.1 0.942226
8455.75 0.928348
8456.4 0.916848
8457.05 0.909236
8457.7 0.905813
8458.35 0.906086
8459.0 0.909102
8459.65 0.913533
8460.3 0.917647
8460.95 0.919509
8461.6 0.917509
8462.25 0.911047
8462.9 0.900925
8463.55 0.88917
8464.2 0.87841
8464.85 0.870946
8465.5 0.86812
8466.15 0.870225
8466.8 0.876996
8467.45 0.888284
8468.1 0.904265
8468.75 0.924823
8469.4 0.948635
8470.05 0.972796
8470.7 0.993567
8471.35 1.00775
8472.0 1.01375
8472.65 1.01171
8473.3 1.00282
8473.95 0.988615
8474.6 0.970739
8475.25 0.951059
8475.9 0.931719
8476.55 0.914741
8477.2 0.901354
8477.85 0.891603
8478.5 0.884585
8479.15 0.879328
8479.8 0.875672
8480.45 0.874559
8481.1 0.877517
8481.75 0.885501
8482.4 0.897874
8483.05 0.912066
8483.7 0.924259
8484.35 0.930829
8485.0 0.929897
8485.65 0.922278
8486.3 0.911407
8486.95 0.90214
8487.6 0.898869
8488.25 0.90368
8488.9 0.915439
8489.55 0.9304
8490.2 0.94403
8490.85 0.953084
8491.5 0.956684
8492.15 0.95589
8492.8 0.952196
8493.45 0.946002
8494.1 0.936099
8494.75 0.920577
8495.4 0.898643
8496.05 0.872216
8496.7 0.846124
8497.35 0.826512
8498.0 0.818151
8498.65 0.822151
8499.3 0.83541
8499.95 0.852057
8500.6 0.866055
8501.25 0.873614
8501.9 0.874372
8502.55 0.871036
8503.2 0.867973
8503.85 0.869464
8504.5 0.878322
8505.15 0.895313
8505.8 0.919305
8506.45 0.947834
8507.1 0.977739
8507.75 1.00564
8508.4 1.02821
8509.05 1.04237
8509.7 1.04563
8510.35 1.03661
8511.0 1.01563
8511.65 0.985209
8512.3 0.949844
8512.95 0.915261
8513.6 0.886984
8514.25 0.868817
8514.9 0.86179
8515.55 0.86414
8516.2 0.872381
8516.85 0.882827
8517.5 0.892749
8518.15 0.900632
8518.8 0.905786
8519.45 0.907927
8520.1 0.907185
8520.75 0.904331
8521.4 0.900748
8522.05 0.897957
8522.7 0.896973
8523.35 0.897947
8524.0 0.900355
8524.65 0.903499
8525.3 0.906886
8525.95 0.910216
8526.6 0.91316
8527.25 0.915257
8527.9 0.916177
8528.55 0.916119
8529.2 0.915918
8529.85 0.916686
8530.5 0.919193
8531.15 0.923461
8531.8 0.928789
8532.45 0.934042
8533.1 0.937854
8533.75 0.93858
8534.4 0.934266
8535.05 0.922945
8535.7 0.903333
8536.35 0.875588
8537.0 0.841526
8537.65 0.804051
8538.3 0.766101
8538.95 0.729838
8539.6 0.696766
8540.25 0.668601
8540.9 0.64812
8541.55 0.638951
8542.2 0.644077
8542.85 0.663916
8543.5 0.695293
8544.15 0.73218
8544.8 0.767855
8545.45 0.797315
8546.1 0.818654
8546.75 0.832965
8547.4 0.843092
8548.05 0.85211
8548.7 0.862219
8549.35 0.874377
8550.0 0.88846
8550.65 0.90355
8551.3 0.918096
8551.95 0.930074
8552.6 0.937438
8553.25 0.938984
8553.9 0.935142
8554.55 0.928104
8555.2 0.920977
8555.85 0.916355
8556.5 0.915146
8557.15 0.916306
8557.8 0.917619
8558.45 0.916954
8559.1 0.913275
8559.75 0.906902
8560.4 0.898944
8561.05 0.89041
8561.7 0.881657
8562.35 0.872624
8563.0 0.86357
8563.65 0.85567
8564.3 0.850796
8564.95 0.850596
8565.6 0.855547
8566.25 0.864726
8566.9 0.876469
8567.55 0.88934
8568.2 0.902666
8568.85 0.916286
8569.5 0.929822
8570.15 0.94212
8570.8 0.951374
8571.45 0.955894
8572.1 0.955081
8572.75 0.949993
8573.4 0.9432
8574.05 0.937915
8574.7 0.936857
8575.35 0.941297
8576.0 0.950621
8576.65 0.962567
8577.3 0.973918
8577.95 0.981428
8578.6 0.982692
8579.25 0.976768
8579.9 0.964468
8580.55 0.948191
8581.2 0.931357
8581.85 0.917445
8582.5 0.908965
8583.15 0.906733
8583.8 0.9098
8584.45 0.916008
8585.1 0.922863
8585.75 0.928249
8586.4 0.93079
8587.05 0.929857
8587.7 0.925474
8588.35 0.918289
8589.0 0.909602
8589.65 0.901331
8590.3 0.895759
8590.95 0.894939
8591.6 0.899845
8592.25 0.909693
8592.9 0.921833
8593.55 0.932648
8594.2 0.939151
8594.85 0.940597
8595.5 0.939104
8596.15 0.938802
8596.8 0.943797
8597.45 0.955977
8598.1 0.973818
8598.75 0.992754
8599.4 1.00686
8600.05 1.01102
8600.7 1.00261
8601.35 0.982254
8602.0 0.95354
8602.65 0.921921
8603.3 0.893235
8603.95 0.872142
8604.6 0.861
8605.25 0.859486
8605.9 0.86501
8606.55 0.873747
8607.2 0.881799
8607.85 0.886183
8608.5 0.885483
8609.15 0.880093
8609.8 0.872027
8610.45 0.864228
8611.1 0.859586
8611.75 0.860001
8612.4 0.865942
8613.05 0.876654
8613.7 0.890745
8614.35 0.906737
8615.0 0.923244
8615.65 0.938853
8616.3 0.951972
8616.95 0.960935
8617.6 0.96436
8618.25 0.961582
8618.9 0.953005
8619.55 0.940167
8620.2 0.925521
8620.85 0.911907
8621.5 0.901873
8622.15 0.896964
8622.8 0.897214
8623.45 0.901148
8624.1 0.906381
8624.75 0.910674
8625.4 0.913
8626.05 0.913977
8626.7 0.915441
8627.35 0.919235
8628.0 0.925952
8628.65 0.934334
8629.3 0.941745
8629.95 0.945488
8630.6 0.944234
8631.25 0.938857
8631.9 0.932221
8632.55 0.928096
8633.2 0.929666
8633.85 0.938307
8634.5 0.953012
8635.15 0.97072
8635.8 0.987481
8636.45 1.0
8637.1 1.00684
8637.75 1.00862
8638.4 1.00714
8639.05 1.00415
8639.7 1.00045
8640.35 0.996046
8641.0 0.990864
8641.65 0.985368
8642.3 0.980559
8642.95 0.977322
8643.6 0.975762
8644.25 0.974939
8644.9 0.973198
8645.55 0.968864
8646.2 0.960973
8646.85 0.949732
8647.5 0.936511
8648.15 0.923365
8648.8 0.912249
8649.45 0.904314
8650.1 0.899719
8650.75 0.897972
8651.4 0.898506
8652.05 0.901041
8652.7 0.90547
8653.35 0.911489
8654.0 0.918235
8654.65 0.92433
8655.3 0.928273
8655.95 0.928927
8656.6 0.925588
8657.25 0.917615
8657.9 0.904
8658.55 0.883483
8659.2 0.855604
8659.85 0.822155
8660.5 0.788046
8661.15 0.760555
8661.8 0.746899
8662.45 0.751195
8663.1 0.772543
8663.75 0.805273
8664.4 0.841297
8665.05 0.873233
8665.7 0.896783
8666.35 0.91135
8667.0 0.919134
8667.65 0.923413
8668.3 0.926937
8668.95 0.930941
8669.6 0.935015
8670.25 0.937678
8670.9 0.937372
8671.55 0.933454
8672.2 0.926735
8672.85 0.919384
8673.5 0.914167
8674.15 0.913345
8674.8 0.917717
8675.45 0.92624
8676.1 0.936514
8676.75 0.945871
8677.4 0.952497
8678.05 0.955968
8678.7 0.95696
8679.35 0.956443
8680.0 0.955022
8680.65 0.952852
8681.3 0.950104
8681.95 0.947418
8682.6 0.945846
8683.25 0.946144
8683.9 0.947858
8684.55 0.948906
8685.2 0.946195
8685.85 0.937118
8686.5 0.921281
8687.15 0.901354
8687.8 0.882426
8688.45 0.870011
8689.1 0.867754
8689.75 0.876061
8690.4 0.892183
8691.05 0.911525
8691.7 0.929265
8692.35 0.941656
8693.0 0.946831
8693.65 0.945112
8694.3 0.938784
8694.95 0.931262
8695.6 0.92584
8696.25 0.924539
8696.9 0.927519
8697.55 0.933295
8698.2 0.939435
8698.85 0.943394
8699.5 0.943207
8700.15 0.938027
8700.8 0.928435
8701.45 0.916407
8702.1 0.90484
8702.75 0.896751
8703.4 0.894433
8704.05 0.898816
8704.7 0.909238
8705.35 0.923612
8706.0 0.938981
8706.65 0.952415
8707.3 0.961876
8707.95 0.966802
8708.6 0.968036
8709.25 0.96718
8709.9 0.965844
8710.55 0.965159
8711.2 0.965712
8711.85 0.967622
8712.5 0.970533
8713.15 0.973563
8713.8 0.975442
8714.45 0.975008
8715.1 0.971855
8715.75 0.96664
8716.4 0.960841
8717.05 0.956008
8717.7 0.953001
8718.35 0.951678
8719.0 0.951133
8719.65 0.950271
8720.3 0.948356
8720.95 0.945241
8721.6 0.94131
8722.25 0.937265
8722.9 0.933828
8723.55 0.931509
8724.2 0.930379
8724.85 0.93003
8725.5 0.929717
8726.15 0.928679
8726.8 0.926509
8727.45 0.923428
8728.1 0.920454
8728.75 0.919329
8729.4 0.922124
8730.05 0.930469
8730.7 0.944636
8731.35 0.963003
8732.0 0.98235
8732.65 0.998976
8733.3 1.01014
8733.95 1.01497
8734.6 1.01435
8735.25 1.01013
8735.9 1.00404
8736.55 0.997125
8737.2 0.98968
8737.85 0.981703
8738.5 0.97337
8739.15 0.965338
8739.8 0.958672
8740.45 0.954436
8741.1 0.953083
8741.75 0.954025
8742.4 0.955633
8743.05 0.955848
8743.7 0.953153
8744.35 0.94743
8745.0 0.940204
8745.65 0.934021
8746.3 0.931228
8746.95 0.932715
8747.6 0.937329
8748.25 0.942302
8748.9 0.944495
8749.55 0.941822
8750.2 0.934164
8750.85 0.92337
8751.5 0.912434
8752.15 0.904291
8752.8 0.900717
8753.45 0.901839
8754.1 0.906351
8754.75 0.912367
8755.4 0.918423
8756.05 0.9241
8756.7 0.92995
8757.35 0.936858
8758.0 0.945272
8758.65 0.95483
8759.3 0.964437
8759.95 0.972742
8760.6 0.978583
8761.25 0.981358
8761.9 0.981187
8762.55 0.978886
8763.2 0.975742
8763.85 0.973074
8764.5 0.971722
8765.15 0.971679
8765.8 0.972106
8766.45 0.9719
8767.1 0.970528
8767.75 0.968804
8768.4 0.968959
8769.05 0.973842
8769.7 0.985425
8770.35 1.00332
8771.0 1.02409
8771.65 1.042
8772.3 1.05097
8772.95 1.04712
8773.6 1.03048
8774.25 1.00517
8774.9 0.977708
8775.55 0.954574
8776.2 0.940052
8776.85 0.935515
8777.5 0.940127
8778.15 0.952078
8778.8 0.969477
8779.45 0.990459
8780.1 1.01294
8780.75 1.03453
8781.4 1.05283
8782.05 1.06577
8782.7 1.07171
8783.35 1.06957
8784.0 1.05909
8784.65 1.04143
8785.3 1.0193
8785.95 0.996334
8786.6 0.975919
8787.25 0.960178
8787.9 0.949684
8788.55 0.943824
8789.2 0.941343
8789.85 0.940796
8790.5 0.940864
8791.15 0.940655
8791.8 0.940006
8792.45 0.93969
8793.1 0.941163
8793.75 0.945866
8794.4 0.954366
8795.05 0.965656
8795.7 0.97725
8796.35 0.98609
8797.0 0.989893
8797.65 0.988105
8798.3 0.981931
8798.95 0.973469
8799.6 0.964632
8800.25 0.956446
8800.9 0.949006
8801.55 0.941856
8802.2 0.934431
8802.85 0.92638
8803.5 0.917773
8804.15 0.909231
8804.8 0.901945
8805.45 0.897493
8806.1 0.897309
8806.75 0.902042
8807.4 0.911109
8808.05 0.922812
8808.7 0.93499
8809.35 0.945863
8810.0 0.954563
8810.65 0.961151
8811.3 0.966271
8811.95 0.970695
8812.6 0.975004
8813.25 0.979354
8813.9 0.983362
8814.55 0.98611
8815.2 0.986394
8815.85 0.983188
8816.5 0.976199
8817.15 0.966167
8817.8 0.954656
8818.45 0.943383
8819.1 0.933412
8819.75 0.92474
8820.4 0.916563
8821.05 0.908065
8821.7 0.899232
8822.35 0.891231
8823.0 0.886075
8823.65 0.885723
8824.3 0.891122
8824.95 0.90163
8825.6 0.915403
8826.25 0.930451
8826.9 0.94599
8827.55 0.963305
8828.2 0.985593
8828.85 1.01669
8829.5 1.05911
8830.15 1.11202
8830.8 1.17013
8831.45 1.22422
8832.1 1.26338
8832.75 1.27854
8833.4 1.26581
8834.05 1.2281
8834.7 1.17419
8835.35 1.11585
8836.0 1.06412
8836.65 1.02654
8837.3 1.00637
8837.95 1.00347
8838.6 1.01589
8839.25 1.04077
8839.9 1.07414
8840.55 1.11029
8841.2 1.14189
8841.85 1.16162
8842.5 1.16478
8843.15 1.15122
8843.8 1.12533
8844.45 1.09395
8845.1 1.06364
8845.75 1.03858
8846.4 1.01997
8847.05 1.00685
8847.7 0.99739
8848.35 0.990021
8849.0 0.983968
8849.65 0.979151
8850.3 0.975867
8850.95 0.974517
8851.6 0.975428
8852.25 0.978749
8852.9 0.98424
8853.55 0.991041
8854.2 0.997608
8854.85 1.00202
8855.5 1.00259
8856.15 0.998528
8856.8 0.990268
8857.45 0.979429
8858.1 0.968329
8858.75 0.959326
8859.4 0.95422
8860.05 0.953769
8860.7 0.957536
8861.35 0.964064
8862.0 0.971334
8862.65 0.977384
8863.3 0.980839
8863.95 0.981242
8864.6 0.979133
8865.25 0.975832
8865.9 0.973019
8866.55 0.972213
8867.2 0.97435
8867.85 0.979636
8868.5 0.987746
8869.15 0.998173
8869.8 1.01043
8870.45 1.02395
8871.1 1.03776
8871.75 1.05028
8872.4 1.05954
8873.05 1.06373
8873.7 1.06181
8874.35 1.05373
8875.0 1.04034
8875.65 1.02319
8876.3 1.00436
8876.95 0.986269
8877.6 0.971162
8878.25 0.960495
8878.9 0.954433
8879.55 0.951933
8880.2 0.951443
8880.85 0.951717
8881.5 0.952307
8882.15 0.953416
8882.8 0.955383
8883.45 0.95827
8884.1 0.961842
8884.75 0.965923
8885.4 0.970864
8886.05 0.977782
8886.7 0.988491
8887.35 1.00516
8888.0 1.02966
8888.65 1.06251
8889.3 1.10178
8889.95 1.1423
8890.6 1.1763
8891.25 1.19576
8891.9 1.19559
8892.55 1.17603
8893.2 1.14252
8893.85 1.10333
8894.5 1.06626
8895.15 1.03638
8895.8 1.01547
8896.45 1.00286
8897.1 0.996611
8897.75 0.994466
8898.4 0.994434
8899.05 0.99505
8899.7 0.995419
8900.35 0.995055
8901.0 0.993663
8901.65 0.991111
8902.3 0.987656
8902.95 0.984149
8903.6 0.981978
8904.25 0.982688
8904.9 0.987449
8905.55 0.996657
8906.2 1.00974
8906.85 1.02519
8907.5 1.04067
8908.15 1.05341
8908.8 1.06076
8909.45 1.06095
8910.1 1.05369
8910.75 1.04029
8911.4 1.02327
8912.05 1.00564
8912.7 0.990129
8913.35 0.978549
8914.0 0.971637
8914.65 0.969162
8915.3 0.970268
8915.95 0.973783
8916.6 0.978439
8917.25 0.983009
8917.9 0.986447
8918.55 0.98825
8919.2 0.988799
8919.85 0.989589
8920.5 0.993174
8921.15 1.00267
8921.8 1.02077
8922.45 1.04835
8923.1 1.08307
8923.75 1.11891
8924.4 1.14744
8925.05 1.16078
8925.7 1.15489
8926.35 1.1312
8927.0 1.09566
8927.65 1.05585
8928.3 1.01817
8928.95 0.986339
8929.6 0.961655
8930.25 0.943865
8930.9 0.932065
8931.55 0.925145
8932.2 0.92197
8932.85 0.921519
8933.5 0.923021
8934.15 0.926038
8934.8 0.930317
8935.45 0.935592
8936.1 0.941328
8936.75 0.946675
8937.4 0.950695
8938.05 0.952719
8938.7 0.952654
8939.35 0.951024
8940.0 0.948732
8940.65 0.946722
8941.3 0.945698
8941.95 0.946004
8942.6 0.947651
8943.25 0.950503
8943.9 0.954562
8944.55 0.96022
8945.2 0.968312
8945.85 0.979743
8946.5 0.994822
8947.15 1.01258
8947.8 1.03059
8948.45 1.04556
8949.1 1.05444
8949.75 1.05548
8950.4 1.04878
8951.05 1.03595
8951.7 1.0194
8952.35 1.00155
8953.0 0.984406
8953.65 0.969541
8954.3 0.958171
8954.95 0.951117
8955.6 0.948617
8956.25 0.9501
8956.9 0.95432
8957.55 0.960101
8958.2 0.967474
8958.85 0.978731
8959.5 0.998587
8960.15 1.0329
8960.8 1.08588
8961.45 1.1566
8962.1 1.23662
8962.75 1.31061
8963.4 1.3608
8964.05 1.37366
8964.7 1.34555
8965.35 1.28395
8966.0 1.20392
8966.65 1.12196
8967.3 1.05078
8967.95 0.997052
8968.6 0.961978
8969.25 0.943109
8969.9 0.936148
8970.55 0.93625
8971.2 0.938959
8971.85 0.940865
8972.5 0.939999
8973.15 0.935799
8973.8 0.928826
8974.45 0.920401
8975.1 0.912266
8975.75 0.906175
8976.4 0.903409
8977.05 0.904292
8977.7 0.908053
8978.35 0.913202
8979.0 0.918371
8979.65 0.923071
8980.3 0.927899
8980.95 0.933949
8981.6 0.941885
8982.25 0.951312
8982.9 0.960892
8983.55 0.969104
8984.2 0.975085
8984.85 0.978994
8985.5 0.981772
8986.15 0.984478
8986.8 0.987639
8987.45 0.990897
8988.1 0.993154
8988.75 0.99307
8989.4 0.989792
8990.05 0.983582
8990.7 0.975982
8991.35 0.969271
8992.0 0.96533
8992.65 0.964455
8993.3 0.964933
8993.95 0.963822
8994.6 0.958644
8995.25 0.948865
8995.9 0.936306
8996.55 0.924247
8997.2 0.915991
8997.85 0.91377
8998.5 0.918442
8999.15 0.929677
8999.8 0.946142
9000.45 0.96568
9001.1 0.985613
9001.75 1.00351
9002.4 1.01815
9003.05 1.03007
9003.7 1.04117
9004.35 1.05345
9005.0 1.06752
9005.65 1.0816
9006.3 1.09194
9006.95 1.09427
9007.6 1.08578
9008.25 1.06661
9008.9 1.03997
9009.55 1.01096
9010.2 0.984914
9010.85 0.965772
9011.5 0.955456
9012.15 0.953892
9012.8 0.959496
9013.45 0.969744
9014.1 0.98171
9014.75 0.992646
9015.4 1.00055
9016.05 1.0046
9016.7 1.00512
9017.35 1.00323
9018.0 1.00014
9018.65 0.996475
9019.3 0.992117
9019.95 0.986475
9020.6 0.979164
9021.25 0.970633
9021.9 0.962311
9022.55 0.95608
9023.2 0.953305
9023.85 0.954025
9024.5 0.956858
9025.15 0.959723
9025.8 0.960878
9026.45 0.959606
9027.1 0.956134
9027.75 0.951029
9028.4 0.944556
