6674.1 0.525325
6674.75 0.523495
6675.4 0.520647
6676.05 0.516167
6676.7 0.50956
6677.35 0.500653
6678.0 0.489747
6678.65 0.477599
6679.3 0.465302
6679.95 0.454016
6680.6 0.444697
6681.25 0.437888
6681.9 0.433667
6682.55 0.431716
6683.2 0.431495
6683.85 0.432446
6684.5 0.434111
6685.15 0.436207
6685.8 0.438556
6686.45 0.441008
6687.1 0.443369
6687.75 0.445387
6688.4 0.446806
6689.05 0.44745
6689.7 0.447286
6690.35 0.446497
6691.0 0.445439
6691.65 0.44458
6692.3 0.444389
6692.95 0.445231
6693.6 0.447283
6694.25 0.450512
6694.9 0.454723
6695.55 0.45963
6696.2 0.464975
6696.85 0.470603
6697.5 0.476497
6698.15 0.482717
6698.8 0.48931
6699.45 0.496163
6700.1 0.50294
6700.75 0.509081
6701.4 0.513941
6702.05 0.51699
6702.7 0.518033
6703.35 0.517334
6704.0 0.515593
6704.65 0.513773
6705.3 0.51279
6705.95 0.513226
6706.6 0.515131
6707.25 0.518016
6707.9 0.520998
6708.55 0.523055
6709.2 0.523281
6709.85 0.52105
6710.5 0.516067
6711.15 0.508323
6711.8 0.498024
6712.45 0.485539
6713.1 0.471394
6713.75 0.456295
6714.4 0.441123
6715.05 0.426885
6715.7 0.414598
6716.35 0.405152
6717.0 0.399155
6717.65 0.396827
6718.3 0.397962
6718.95 0.401956
6719.6 0.407921
6720.25 0.414817
6720.9 0.42162
6721.55 0.427482
6722.2 0.431862
6722.85 0.434592
6723.5 0.435893
6724.15 0.436311
6724.8 0.436606
6725.45 0.437584
6726.1 0.439919
6726.75 0.444018
6727.4 0.449914
6728.05 0.457274
6728.7 0.465452
6729.35 0.473645
6730.0 0.48106
6730.65 0.487061
6731.3 0.491296
6731.95 0.493715
6732.6 0.494524
6733.25 0.494068
6733.9 0.492731
6734.55 0.490842
6735.2 0.488684
6735.85 0.486529
6736.5 0.484716
6737.15 0.483656
6737.8 0.483783
6738.45 0.485445
6739.1 0.488762
6739.75 0.493552
6740.4 0.499354
6741.05 0.505531
6741.7 0.511437
6742.35 0.516549
6743.0 0.520543
6743.65 0.523301
6744.3 0.524878
6744.95 0.525432
6745.6 0.525209
6746.25 0.524496
6746.9 0.523608
6747.55 0.522818
6748.2 0.522304
6748.85 0.522095
6749.5 0.522079
6750.15 0.522068
6750.8 0.521903
6751.45 0.521575
6752.1 0.521293
6752.75 0.521453
6753.4 0.522551
6754.05 0.525018
6754.7 0.529109
6755.35 0.534813
6756.0 0.541872
6756.65 0.549844
6757.3 0.558215
6757.95 0.566464
6758.6 0.574124
6759.25 0.580771
6759.9 0.586053
6760.55 0.589719
6761.2 0.59166
6761.85 0.591966
6762.5 0.590936
6763.15 0.589042
6763.8 0.586825
6764.45 0.584785
6765.1 0.583252
6765.75 0.582353
6766.4 0.582063
6767.05 0.582267
6767.7 0.582907
6768.35 0.584054
6769.0 0.585906
6769.65 0.588726
6770.3 0.592746
6770.95 0.598029
6771.6 0.604426
6772.25 0.61155
6772.9 0.618853
6773.55 0.625731
6774.2 0.631615
6774.85 0.63606
6775.5 0.638751
6776.15 0.639477
6776.8 0.638083
6777.45 0.634409
6778.1 0.628267
6778.75 0.619465
6779.4 0.607909
6780.05 0.593734
6780.7 0.577432
6781.35 0.559886
6782.0 0.542306
6782.65 0.526064
6783.3 0.51244
6783.95 0.502377
6784.6 0.496305
6785.25 0.494091
6785.9 0.495115
6786.55 0.498469
6787.2 0.503169
6787.85 0.508354
6788.5 0.513437
6789.15 0.518119
6789.8 0.522382
6790.45 0.526424
6791.1 0.530535
6791.75 0.53502
6792.4 0.540093
6793.05 0.545818
6793.7 0.55208
6794.35 0.558602
6795.0 0.565005
6795.65 0.570918
6796.3 0.576057
6796.95 0.580318
6797.6 0.583764
6798.25 0.586578
6798.9 0.588991
6799.55 0.591184
6800.2 0.59324
6800.85 0.595122
6801.5 0.5967
6802.15 0.597836
6802.8 0.598469
6803.45 0.598685
6804.1 0.598744
6804.75 0.599044
6805.4 0.600033
6806.05 0.60211
6806.7 0.60551
6807.35 0.610254
6808.0 0.616123
6808.65 0.622676
6809.3 0.629317
6809.95 0.635349
6810.6 0.640086
6811.25 0.642934
6811.9 0.643509
6812.55 0.641716
6813.2 0.63778
6813.85 0.632224
6814.5 0.625757
6815.15 0.619147
6815.8 0.613083
6816.45 0.608103
6817.1 0.60457
6817.75 0.602723
6818.4 0.60272
6819.05 0.604676
6819.7 0.608638
6820.35 0.614517
6821.0 0.622031
6821.65 0.630713
6822.3 0.639958
6822.95 0.649154
6823.6 0.657778
6824.25 0.665467
6824.9 0.671994
6825.55 0.677218
6826.2 0.681025
6826.85 0.683314
6827.5 0.684032
6828.15 0.683227
6828.8 0.681072
6829.45 0.677843
6830.1 0.67388
6830.75 0.669523
6831.4 0.665105
6832.05 0.660956
6832.7 0.657409
6833.35 0.654808
6834.0 0.65345
6834.65 0.653528
6835.3 0.655077
6835.95 0.657961
6836.6 0.661928
6837.25 0.666691
6837.9 0.672008
6838.55 0.677695
6839.2 0.683607
6839.85 0.68956
6840.5 0.695271
6841.15 0.70035
6841.8 0.704357
6842.45 0.706909
6843.1 0.707799
6843.75 0.707064
6844.4 0.704967
6845.05 0.701912
6845.7 0.698307
6846.35 0.69445
6847.0 0.69046
6847.65 0.686278
6848.3 0.681717
6848.95 0.676527
6849.6 0.670469
6850.25 0.663363
6850.9 0.655147
6851.55 0.645933
6852.2 0.636051
6852.85 0.626076
6853.5 0.616791
6854.15 0.609087
6854.8 0.603782
6855.45 0.601466
6856.1 0.602347
6856.75 0.606224
6857.4 0.61255
6858.05 0.620582
6858.7 0.629558
6859.35 0.638867
6860.0 0.648127
6860.65 0.657182
6861.3 0.666022
6861.95 0.674665
6862.6 0.683031
6863.25 0.69089
6863.9 0.697857
6864.55 0.703473
6865.2 0.707338
6865.85 0.709232
6866.5 0.709215
6867.15 0.707595
6867.8 0.704851
6868.45 0.701447
6869.1 0.697674
6869.75 0.693518
6870.4 0.688662
6871.05 0.68258
6871.7 0.674755
6872.35 0.66491
6873.0 0.653198
6873.65 0.640281
6874.3 0.627243
6874.95 0.615336
6875.6 0.605698
6876.25 0.599044
6876.9 0.595546
6877.55 0.594842
6878.2 0.596197
6878.85 0.598732
6879.5 0.601644
6880.15 0.604359
6880.8 0.606611
6881.45 0.60848
6882.1 0.610332
6882.75 0.612758
6883.4 0.61644
6884.05 0.621993
6884.7 0.629795
6885.35 0.639874
6886.0 0.651837
6886.65 0.664914
6887.3 0.678062
6887.95 0.690122
6888.6 0.700023
6889.25 0.706958
6889.9 0.710577
6890.55 0.711074
6891.2 0.709184
6891.85 0.70602
6892.5 0.702832
6893.15 0.700709
6893.8 0.70036
6894.45 0.702002
6895.1 0.705425
6895.75 0.710152
6896.4 0.715659
6897.05 0.721532
6897.7 0.727566
6898.35 0.733735
6899.0 0.740107
6899.65 0.746773
6900.3 0.753789
6900.95 0.761148
6901.6 0.76879
6902.25 0.7766
6902.9 0.784402
6903.55 0.791933
6904.2 0.798844
6904.85 0.804759
6905.5 0.809417
6906.15 0.81279
6906.8 0.815236
6907.45 0.817482
6908.1 0.820459
6908.75 0.825059
6909.4 0.831913
6910.05 0.841256
6910.7 0.852915
6911.35 0.866388
6912.0 0.880927
6912.65 0.895514
6913.3 0.908857
6913.95 0.919371
6914.6 0.925351
6915.25 0.925295
6915.9 0.918358
6916.55 0.904715
6917.2 0.885716
6917.85 0.863682
6918.5 0.841408
6919.15 0.821535
6919.8 0.805982
6920.45 0.795625
6921.1 0.79027
6921.75 0.788885
6922.4 0.790026
6923.05 0.792248
6923.7 0.794429
6924.35 0.795922
6925.0 0.796545
6925.65 0.79643
6926.3 0.795861
6926.95 0.795123
6927.6 0.794471
6928.25 0.794097
6928.9 0.794234
6929.55 0.795186
6930.2 0.797324
6930.85 0.800969
6931.5 0.806273
6932.15 0.813115
6932.8 0.821019
6933.45 0.829252
6934.1 0.837004
6934.75 0.843625
6935.4 0.848843
6936.05 0.852855
6936.7 0.856283
6937.35 0.859979
6938.0 0.864758
6938.65 0.871155
6939.3 0.879248
6939.95 0.888619
6940.6 0.898448
6941.25 0.907689
6941.9 0.915325
6942.55 0.920593
6943.2 0.923178
6943.85 0.923248
6944.5 0.921406
6945.15 0.918493
6945.8 0.915377
6946.45 0.912752
6947.1 0.911006
6947.75 0.91023
6948.4 0.910265
6949.05 0.910816
6949.7 0.911576
6950.35 0.912303
6951.0 0.912906
6951.65 0.913449
6952.3 0.914172
6952.95 0.915414
6953.6 0.917527
6954.25 0.920805
6954.9 0.92538
6955.55 0.931187
6956.2 0.937953
6956.85 0.945244
6957.5 0.952537
6958.15 0.959315
6958.8 0.965168
6959.45 0.969885
6960.1 0.973484
6960.75 0.976217
6961.4 0.978508
6962.05 0.980852
6962.7 0.98372
6963.35 0.987435
6964.0 0.992119
6964.65 0.997638
6965.3 1.00364
6965.95 1.00961
6966.6 1.01497
6967.25 1.0192
6967.9 1.02198
6968.55 1.02329
6969.2 1.02338
6969.85 1.02281
6970.5 1.02222
6971.15 1.02226
6971.8 1.02336
6972.45 1.0256
6973.1 1.02867
6973.75 1.03196
6974.4 1.03471
6975.05 1.03629
6975.7 1.03642
6976.35 1.03528
6977.0 1.03355
6977.65 1.03219
6978.3 1.03223
6978.95 1.0344
6979.6 1.03901
6980.25 1.04576
6980.9 1.05386
6981.55 1.06213
6982.2 1.0693
6982.85 1.07413
6983.5 1.07561
6984.15 1.07302
6984.8 1.06604
6985.45 1.05474
6986.1 1.03965
6986.75 1.0218
6987.4 1.00267
6988.05 0.984134
6988.7 0.968156
6989.35 0.956493
6990.0 0.950346
6990.65 0.950131
6991.3 0.955387
6991.95 0.9649
6992.6 0.976945
6993.25 0.989645
6993.9 1.00127
6994.55 1.0105
6995.2 1.01652
6995.85 1.01912
6996.5 1.01858
6997.15 1.0156
6997.8 1.01118
6998.45 1.00643
6999.1 1.00242
6999.75 1.0
7000.4 0.999727
7001.05 1.00181
7001.7 1.00612
7002.35 1.01229
7003.0 1.01979
7003.65 1.02799
7004.3 1.03628
7004.95 1.04409
7005.6 1.051
7006.25 1.05675
7006.9 1.06135
7007.55 1.06505
7008.2 1.06825
7008.85 1.07139
7009.5 1.0748
7010.15 1.0786
7010.8 1.08267
7011.45 1.08668
7012.1 1.09029
7012.75 1.0933
7013.4 1.09571
7014.05 1.09776
7014.7 1.09984
7015.35 1.10229
7016.0 1.10529
7016.65 1.10869
7017.3 1.11205
7017.95 1.11476
7018.6 1.1161
7019.25 1.11548
7019.9 1.11256
7020.55 1.10728
7021.2 1.09988
7021.85 1.09086
7022.5 1.08091
7023.15 1.07079
7023.8 1.06135
7024.45 1.05342
7025.1 1.04785
7025.75 1.04538
7026.4 1.0466
7027.05 1.05177
7027.7 1.06068
7028.35 1.07261
7029.0 1.08635
7029.65 1.10041
7030.3 1.11321
7030.95 1.12342
7031.6 1.13019
7032.25 1.13325
7032.9 1.13287
7033.55 1.12979
7034.2 1.12498
7034.85 1.11947
7035.5 1.1142
7036.15 1.1099
7036.8 1.10704
7037.45 1.10586
7038.1 1.10632
7038.75 1.10819
7039.4 1.11115
7040.05 1.11484
7040.7 1.11894
7041.35 1.12321
7042.0 1.12748
7042.65 1.13162
7043.3 1.13543
7043.95 1.13866
7044.6 1.14098
7045.25 1.14198
7045.9 1.14121
7046.55 1.13818
7047.2 1.13237
7047.85 1.12322
7048.5 1.11006
7049.15 1.09216
7049.8 1.06872
7050.45 1.03902
7051.1 1.00271
7051.75 0.960079
7052.4 0.912372
7053.05 0.861798
7053.7 0.81129
7054.35 0.763986
7055.0 0.72258
7055.65 0.688783
7056.3 0.663082
7056.95 0.644846
7057.6 0.632723
7058.25 0.625115
7058.9 0.620578
7059.55 0.618052
7060.2 0.616896
7060.85 0.616807
7061.5 0.617719
7062.15 0.619687
7062.8 0.622837
7063.45 0.627305
7064.1 0.633188
7064.75 0.640523
7065.4 0.649241
7066.05 0.659178
7066.7 0.670103
7067.35 0.681737
7068.0 0.693804
7068.65 0.705994
7069.3 0.717974
7069.95 0.729351
7070.6 0.739681
7071.25 0.748511
7071.9 0.755431
7072.55 0.760156
7073.2 0.762592
7073.85 0.762868
7074.5 0.761363
7075.15 0.758676
7075.8 0.755561
7076.45 0.752833
7077.1 0.751234
7077.75 0.751276
7078.4 0.753118
7079.05 0.756466
7079.7 0.760582
7080.35 0.764398
7081.0 0.76666
7081.65 0.76612
7082.3 0.761722
7082.95 0.752724
7083.6 0.73881
7084.25 0.72016
7084.9 0.697491
7085.55 0.672053
7086.2 0.64552
7086.85 0.619768
7087.5 0.596557
7088.15 0.57719
7088.8 0.562243
7089.45 0.551467
7090.1 0.543968
7090.75 0.538535
7091.4 0.534057
7092.05 0.529853
7092.7 0.52583
7093.35 0.522414
7094.0 0.52031
7094.65 0.520184
7095.3 0.522403
7095.95 0.526881
7096.6 0.5331
7097.25 0.540255
7097.9 0.547463
7098.55 0.553987
7099.2 0.559391
7099.85 0.56362
7100.5 0.566999
7101.15 0.570145
7101.8 0.573851
7102.45 0.578926
7103.1 0.586045
7103.75 0.595573
7104.4 0.607435
7105.05 0.621053
7105.7 0.635374
7106.35 0.649078
7107.0 0.66084
7107.65 0.669663
7108.3 0.675135
7108.95 0.67752
7109.6 0.677651
7110.25 0.676688
7110.9 0.675793
7111.55 0.675844
7112.2 0.677317
7112.85 0.680303
7113.5 0.68464
7114.15 0.690052
7114.8 0.696267
7115.45 0.703032
7116.1 0.710073
7116.75 0.717052
7117.4 0.723532
7118.05 0.728989
7118.7 0.732832
7119.35 0.734408
7120.0 0.732999
7120.65 0.727823
7121.3 0.718098
7121.95 0.703204
7122.6 0.68293
7123.25 0.657697
7123.9 0.628709
7124.55 0.597857
7125.2 0.567409
7125.85 0.539533
7126.5 0.515832
7127.15 0.497028
7127.8 0.482908
7128.45 0.472598
7129.1 0.464914
7129.75 0.458793
7130.4 0.45355
7131.05 0.44892
7131.7 0.444964
7132.35 0.441858
7133.0 0.439742
7133.65 0.43865
7134.3 0.43855
7134.95 0.43942
7135.6 0.441312
7136.25 0.44436
7136.9 0.448689
7137.55 0.454325
7138.2 0.461129
7138.85 0.468773
7139.5 0.476822
7140.15 0.484826
7140.8 0.492434
7141.45 0.499452
7142.1 0.505845
7142.75 0.511678
7143.4 0.517045
7144.05 0.522017
7144.7 0.526627
7145.35 0.530878
7146.0 0.534783
7146.65 0.538398
7147.3 0.541833
7147.95 0.545265
7148.6 0.548935
7149.25 0.553135
7149.9 0.558169
7150.55 0.564301
7151.2 0.571632
7151.85 0.580008
7152.5 0.588956
7153.15 0.597687
7153.8 0.60522
7154.45 0.610577
7155.1 0.613003
7155.75 0.612172
7156.4 0.608276
7157.05 0.602
7157.7 0.594364
7158.35 0.586518
7159.0 0.579479
7159.65 0.573939
7160.3 0.570187
7160.95 0.568116
7161.6 0.567378
7162.25 0.567534
7162.9 0.568246
7163.55 0.56936
7164.2 0.570943
7164.85 0.573205
7165.5 0.576413
7166.15 0.580768
7166.8 0.586322
7167.45 0.592958
7168.1 0.600401
7168.75 0.608287
7169.4 0.616229
7170.05 0.623886
7170.7 0.630985
7171.35 0.637328
7172.0 0.642766
7172.65 0.647199
7173.3 0.650583
7173.95 0.65299
7174.6 0.654648
7175.25 0.655973
7175.9 0.657538
7176.55 0.659971
7177.2 0.663827
7177.85 0.669446
7178.5 0.676868
7179.15 0.685824
7179.8 0.695809
7180.45 0.706208
7181.1 0.716437
7181.75 0.726054
7182.4 0.734785
7183.05 0.74251
7183.7 0.749206
7184.35 0.754858
7185.0 0.759442
7185.65 0.762919
7186.3 0.765303
7186.95 0.766693
7187.6 0.767311
7188.25 0.767463
7188.9 0.767427
7189.55 0.767367
7190.2 0.767248
7190.85 0.766831
7191.5 0.765735
7192.15 0.76356
7192.8 0.760008
7193.45 0.75497
7194.1 0.748563
7194.75 0.741092
7195.4 0.732977
7196.05 0.72468
7196.7 0.716611
7197.35 0.709046
7198.0 0.702092
7198.65 0.695662
7199.3 0.689514
7199.95 0.683329
7200.6 0.676841
7201.25 0.66996
7201.9 0.662834
7202.55 0.65585
7203.2 0.649538
7203.85 0.644441
7204.5 0.640984
7205.15 0.639413
7205.8 0.639799
7206.45 0.642092
7207.1 0.646172
7207.75 0.651843
7208.4 0.65882
7209.05 0.666672
7209.7 0.674849
7210.35 0.682763
7211.0 0.689902
7211.65 0.69599
7212.3 0.701058
7212.95 0.705401
7213.6 0.70946
7214.25 0.713654
7214.9 0.718258
7215.55 0.723336
7216.2 0.728792
7216.85 0.734433
7217.5 0.740036
7218.15 0.745409
7218.8 0.750402
7219.45 0.75491
7220.1 0.758876
7220.75 0.762359
7221.4 0.765564
7222.05 0.76884
7222.7 0.772623
7223.35 0.7773
7224.0 0.78305
7224.65 0.789725
7225.3 0.796826
7225.95 0.803607
7226.6 0.809276
7227.25 0.813239
7227.9 0.815296
7228.55 0.815731
7229.2 0.815252
7229.85 0.81479
7230.5 0.81523
7231.15 0.817139
7231.8 0.820591
7232.45 0.825124
7233.1 0.829872
7233.75 0.833814
7234.4 0.836092
7235.05 0.836262
7235.7 0.834428
7236.35 0.831176
7237.0 0.827394
7237.65 0.823965
7238.3 0.82153
7238.95 0.820299
7239.6 0.820027
7240.25 0.820121
7240.9 0.819871
7241.55 0.81869
7242.2 0.816312
7242.85 0.81292
7243.5 0.809129
7244.15 0.805856
7244.8 0.804102
7245.45 0.804704
7246.1 0.808146
7246.75 0.81444
7247.4 0.823094
7248.05 0.833232
7248.7 0.843775
7249.35 0.853722
7250.0 0.862387
7250.65 0.869558
7251.3 0.875522
7251.95 0.880918
7252.6 0.886465
7253.25 0.892683
7253.9 0.89972
7254.55 0.907313
7255.2 0.914916
7255.85 0.921914
7256.5 0.92782
7257.15 0.932379
7257.8 0.935579
7258.45 0.937557
7259.1 0.938531
7259.75 0.938716
7260.4 0.938342
7261.05 0.937657
7261.7 0.936956
7262.35 0.936553
7263.0 0.936725
7263.65 0.937617
7264.3 0.939135
7264.95 0.940909
7265.6 0.942316
7266.25 0.942635
7266.9 0.941234
7267.55 0.9378
7268.2 0.932503
7268.85 0.926039
7269.5 0.919497
7270.15 0.914134
7270.8 0.91106
7271.45 0.911003
7272.1 0.914162
7272.75 0.920173
7273.4 0.928207
7274.05 0.937123
7274.7 0.945677
7275.35 0.952698
7276.0 0.957316
7276.65 0.959113
7277.3 0.958197
7277.95 0.955169
7278.6 0.950989
7279.25 0.946747
7279.9 0.943426
7280.55 0.941731
7281.2 0.942024
7281.85 0.944333
7282.5 0.948408
7283.15 0.953824
7283.8 0.960012
7284.45 0.966296
7285.1 0.971941
7285.75 0.976212
7286.4 0.978464
7287.05 0.978233
7287.7 0.975325
7288.35 0.969875
7289.0 0.962338
7289.65 0.953455
7290.3 0.944158
7290.95 0.93545
7291.6 0.928264
7292.25 0.923335
7292.9 0.921114
7293.55 0.921729
7294.2 0.925007
7294.85 0.930554
7295.5 0.93788
7296.15 0.946508
7296.8 0.956085
7297.45 0.966375
7298.1 0.97726
7298.75 0.988641
7299.4 1.00035
7300.05 1.01207
7300.7 1.02337
7301.35 1.03372
7302.0 1.04268
7302.65 1.04991
7303.3 1.05533
7303.95 1.05907
7304.6 1.06142
7305.25 1.06271
7305.9 1.06325
7306.55 1.06321
7307.2 1.06263
7307.85 1.06145
7308.5 1.05956
7309.15 1.05693
7309.8 1.05369
7310.45 1.05016
7311.1 1.04678
7311.75 1.04407
7312.4 1.04249
7313.05 1.04233
7313.7 1.04377
7314.35 1.04678
7315.0 1.05129
7315.65 1.0571
7316.3 1.06397
7316.95 1.07152
7317.6 1.07921
7318.25 1.08635
7318.9 1.09219
7319.55 1.09602
7320.2 1.09737
7320.85 1.09613
7321.5 1.09264
7322.15 1.08767
7322.8 1.08229
7323.45 1.07763
7324.1 1.07463
7324.75 1.07382
7325.4 1.07517
7326.05 1.07816
7326.7 1.08192
7327.35 1.08549
7328.0 1.08809
7328.65 1.08926
7329.3 1.08896
7329.95 1.08752
7330.6 1.08551
7331.25 1.08364
7331.9 1.08267
7332.55 1.08333
7333.2 1.08619
7333.85 1.09161
7334.5 1.09952
7335.15 1.10945
7335.8 1.12042
7336.45 1.13115
7337.1 1.14025
7337.75 1.14648
7338.4 1.14896
7339.05 1.14737
7339.7 1.14183
7340.35 1.13292
7341.0 1.12152
7341.65 1.10869
7342.3 1.09556
7342.95 1.08327
7343.6 1.07285
7344.25 1.06509
7344.9 1.06042
7345.55 1.05886
7346.2 1.05998
7346.85 1.06299
7347.5 1.0669
7348.15 1.07076
7348.8 1.07377
7349.45 1.07547
7350.1 1.0757
7350.75 1.0746
7351.4 1.07247
7352.05 1.06966
7352.7 1.06648
7353.35 1.06316
7354.0 1.05994
7354.65 1.05716
7355.3 1.05524
7355.95 1.05471
7356.6 1.05606
7357.25 1.05954
7357.9 1.06495
7358.55 1.07167
7359.2 1.07868
7359.85 1.08487
7360.5 1.08936
7361.15 1.09171
7361.8 1.09205
7362.45 1.09098
7363.1 1.0894
7363.75 1.08824
7364.4 1.08829
7365.05 1.09003
7365.7 1.0937
7366.35 1.09927
7367.0 1.10654
7367.65 1.11521
7368.3 1.1249
7368.95 1.13519
7369.6 1.14555
7370.25 1.15539
7370.9 1.16405
7371.55 1.17091
7372.2 1.17548
7372.85 1.17759
7373.5 1.17747
7374.15 1.17577
7374.8 1.17343
7375.45 1.17143
7376.1 1.17048
7376.75 1.17089
7377.4 1.17239
7378.05 1.17426
7378.7 1.17561
7379.35 1.17563
7380.0 1.17381
7380.65 1.17008
7381.3 1.16474
7381.95 1.1583
7382.6 1.15133
7383.25 1.14431
7383.9 1.13759
7384.55 1.13142
7385.2 1.12601
7385.85 1.12159
7386.5 1.11837
7387.15 1.11655
7387.8 1.11616
7388.45 1.11708
7389.1 1.11896
7389.75 1.12134
7390.4 1.1237
7391.05 1.12564
7391.7 1.1269
7392.35 1.12736
7393.0 1.12696
7393.65 1.12557
7394.3 1.12293
7394.95 1.1186
7395.6 1.11203
7396.25 1.10281
7396.9 1.09089
7397.55 1.07682
7398.2 1.06189
7398.85 1.04803
7399.5 1.03751
7400.15 1.03235
7400.8 1.0339
7401.45 1.04238
7402.1 1.05685
7402.75 1.07546
7403.4 1.09588
7404.05 1.11584
7404.7 1.13349
7405.35 1.14758
7406.0 1.15747
7406.65 1.16302
7407.3 1.16446
7407.95 1.16237
7408.6 1.15751
7409.25 1.15083
7409.9 1.14326
7410.55 1.13567
7411.2 1.12865
7411.85 1.12253
7412.5 1.1174
7413.15 1.11321
7413.8 1.10989
7414.45 1.10742
7415.1 1.10586
7415.75 1.10529
7416.4 1.10575
7417.05 1.10716
7417.7 1.10927
7418.35 1.11171
7419.0 1.11398
7419.65 1.11563
7420.3 1.11635
7420.95 1.1161
7421.6 1.11514
7422.25 1.11404
7422.9 1.11348
7423.55 1.11416
7424.2 1.11654
7424.85 1.12073
7425.5 1.12647
7426.15 1.13316
7426.8 1.14
7427.45 1.14619
7428.1 1.1511
7428.75 1.15441
7429.4 1.15613
7430.05 1.15661
7430.7 1.15641
7431.35 1.15614
7432.0 1.15631
7432.65 1.15729
7433.3 1.1592
7433.95 1.16198
7434.6 1.16543
7435.25 1.16922
7435.9 1.17293
7436.55 1.17607
7437.2 1.17808
7437.85 1.17847
7438.5 1.17682
7439.15 1.17297
7439.8 1.16696
7440.45 1.15916
7441.1 1.15015
7441.75 1.14073
7442.4 1.13187
7443.05 1.12459
7443.7 1.11988
7444.35 1.11854
7445.0 1.12095
7445.65 1.127
7446.3 1.13596
7446.95 1.14671
7447.6 1.15796
7448.25 1.16857
7448.9 1.17781
7449.55 1.18544
7450.2 1.19165
7450.85 1.19678
7451.5 1.20108
7452.15 1.20454
7452.8 1.20683
7453.45 1.20746
7454.1 1.20588
7454.75 1.20179
7455.4 1.19515
7456.05 1.18628
7456.7 1.1758
7457.35 1.16452
7458.0 1.1534
7458.65 1.14343
7459.3 1.13558
7459.95 1.1307
7460.6 1.12938
7461.25 1.13181
7461.9 1.1377
7462.55 1.14631
7463.2 1.15653
7463.85 1.16712
7464.5 1.17692
7465.15 1.18504
7465.8 1.19097
7466.45 1.19457
7467.1 1.19602
7467.75 1.19572
7468.4 1.19421
7469.05 1.19211
7469.7 1.19008
7470.35 1.18872
7471.0 1.18851
7471.65 1.18972
7472.3 1.19238
7472.95 1.1962
7473.6 1.20071
7474.25 1.20524
7474.9 1.20909
7475.55 1.21159
7476.2 1.21222
7476.85 1.21074
7477.5 1.20722
7478.15 1.20209
7478.8 1.19613
7479.45 1.19031
7480.1 1.18563
7480.75 1.18285
7481.4 1.18234
7482.05 1.18396
7482.7 1.18706
7483.35 1.19071
7484.0 1.19384
7484.65 1.1955
7485.3 1.19509
7485.95 1.19241
7486.6 1.18773
7487.25 1.18167
7487.9 1.17507
7488.55 1.16879
7489.2 1.16347
7489.85 1.15946
7490.5 1.15677
7491.15 1.15513
7491.8 1.15419
7492.45 1.15372
7493.1 1.15374
7493.75 1.15455
7494.4 1.15655
7495.05 1.16001
7495.7 1.1649
7496.35 1.17076
7497.0 1.17677
7497.65 1.18203
7498.3 1.18579
7498.95 1.18768
7499.6 1.18774
7500.25 1.1864
7500.9 1.1842
7501.55 1.18168
7502.2 1.17914
7502.85 1.17672
7503.5 1.17437
7504.15 1.17202
7504.8 1.16966
7505.45 1.16737
7506.1 1.16533
7506.75 1.16375
7507.4 1.16283
7508.05 1.16275
7508.7 1.16362
7509.35 1.1655
7510.0 1.16843
7510.65 1.17239
7511.3 1.17724
7511.95 1.18276
7512.6 1.18861
7513.25 1.19439
7513.9 1.19975
7514.55 1.20442
7515.2 1.20829
7515.85 1.21137
7516.5 1.21376
7517.15 1.21551
7517.8 1.21663
7518.45 1.217
7519.1 1.2165
7519.75 1.21503
7520.4 1.21266
7521.05 1.20967
7521.7 1.2065
7522.35 1.20369
7523.0 1.20166
7523.65 1.20065
7524.3 1.20053
7524.95 1.2009
7525.6 1.20117
7526.25 1.20067
7526.9 1.19888
7527.55 1.1955
7528.2 1.19059
7528.85 1.18451
7529.5 1.17791
7530.15 1.17165
7530.8 1.16659
7531.45 1.16349
7532.1 1.1628
7532.75 1.16464
7533.4 1.16875
7534.05 1.17459
7534.7 1.18152
7535.35 1.18891
7536.0 1.19629
7536.65 1.20335
7537.3 1.20993
7537.95 1.21597
7538.6 1.22136
7539.25 1.22595
7539.9 1.22955
7540.55 1.23192
7541.2 1.23289
7541.85 1.23241
7542.5 1.23059
7543.15 1.22772
7543.8 1.22427
7544.45 1.2208
7545.1 1.21789
7545.75 1.21599
7546.4 1.21533
7547.05 1.21581
7547.7 1.21706
7548.35 1.21847
7549.0 1.21934
7549.65 1.21907
7550.3 1.21727
7550.95 1.21383
7551.6 1.20898
7552.25 1.20319
7552.9 1.19715
7553.55 1.1916
7554.2 1.1872
7554.85 1.1844
7555.5 1.18333
7556.15 1.18374
7556.8 1.18512
7557.45 1.18679
7558.1 1.18816
7558.75 1.18887
7559.4 1.18886
7560.05 1.18841
7560.7 1.18791
7561.35 1.1878
7562.0 1.18832
7562.65 1.18945
7563.3 1.19088
7563.95 1.19203
7564.6 1.19221
7565.25 1.19073
7565.9 1.18711
7566.55 1.18123
7567.2 1.17343
7567.85 1.1645
7568.5 1.15555
7569.15 1.14786
7569.8 1.14256
7570.45 1.14052
7571.1 1.14217
7571.75 1.14754
7572.4 1.15622
7573.05 1.16746
7573.7 1.18021
7574.35 1.1932
7575.0 1.20508
7575.65 1.21455
7576.3 1.22062
7576.95 1.22279
7577.6 1.22116
7578.25 1.21637
7578.9 1.20947
7579.55 1.20158
7580.2 1.19366
7580.85 1.18624
7581.5 1.17936
7582.15 1.17262
7582.8 1.16534
7583.45 1.15673
7584.1 1.14603
7584.75 1.13266
7585.4 1.1163
7586.05 1.09696
7586.7 1.07515
7587.35 1.05187
7588.0 1.02861
7588.65 1.00719
7589.3 0.989478
7589.95 0.976965
7590.6 0.970414
7591.25 0.969616
7591.9 0.97338
7592.55 0.979788
7593.2 0.986669
7593.85 0.992118
7594.5 0.994926
7595.15 0.994741
7595.8 0.991944
7596.45 0.987241
7597.1 0.98117
7597.75 0.973731
7598.4 0.9642
7599.05 0.951314
7599.7 0.933642
7600.35 0.910056
7601.0 0.880142
7601.65 0.844394
7602.3 0.804136
7602.95 0.761253
7603.6 0.717782
7604.25 0.675515
7604.9 0.635751
7605.55 0.599198
7606.2 0.566063
7606.85 0.536225
7607.5 0.50942
7608.15 0.485404
7608.8 0.464008
7609.45 0.445151
7610.1 0.428827
7610.75 0.415102
7611.4 0.404094
7612.05 0.39596
7612.7 0.390834
7613.35 0.388779
7614.0 0.389733
7614.65 0.393502
7615.3 0.399808
7615.95 0.40839
7616.6 0.419092
7617.25 0.431959
7617.9 0.447229
7618.55 0.465276
7619.2 0.486477
7619.85 0.511142
7620.5 0.539364
7621.15 0.570953
7621.8 0.60538
7622.45 0.641682
7623.1 0.678419
7623.75 0.713665
7624.4 0.745109
7625.05 0.770331
7625.7 0.787211
7626.35 0.794358
7627.0 0.791438
7627.65 0.779273
7628.3 0.759667
7628.95 0.735051
7629.6 0.708038
7630.25 0.681042
7630.9 0.655993
7631.55 0.634211
7632.2 0.616337
7632.85 0.60242
7633.5 0.591992
7634.15 0.584269
7634.8 0.578331
7635.45 0.573321
7636.1 0.568591
7636.75 0.563806
7637.4 0.558988
7638.05 0.554515
7638.7 0.551014
7639.35 0.549204
7640.0 0.54967
7640.65 0.552679
7641.3 0.558095
7641.95 0.565478
7642.6 0.574271
7643.25 0.583974
7643.9 0.594233
7644.55 0.604831
7645.2 0.615602
7645.85 0.626438
7646.5 0.637329
7647.15 0.648409
7647.8 0.65993
7648.45 0.672081
7649.1 0.684774
7649.75 0.697512
7650.4 0.709462
7651.05 0.719774
7651.7 0.727916
7652.35 0.7339
7653.0 0.738233
7653.65 0.741652
7654.3 0.744815
7654.95 0.748141
7655.6 0.751839
7656.25 0.756087
7656.9 0.761138
7657.55 0.767256
7658.2 0.774472
7658.85 0.782324
7659.5 0.789775
7660.15 0.795414
7660.8 0.797899
7661.45 0.796421
7662.1 0.791007
7662.75 0.782497
7663.4 0.772237
7664.05 0.761666
7664.7 0.751936
7665.35 0.743721
7666.0 0.737198
7666.65 0.732174
7667.3 0.728198
7667.95 0.724687
7668.6 0.721005
7669.25 0.716583
7669.9 0.711095
7670.55 0.704628
7671.2 0.69782
7671.85 0.691831
7672.5 0.688098
7673.15 0.687962
7673.8 0.692251
7674.45 0.700974
7675.1 0.713284
7675.75 0.727683
7676.4 0.742467
7677.05 0.756177
7677.7 0.76793
7678.35 0.777526
7679.0 0.785299
7679.65 0.791811
7680.3 0.797539
7680.95 0.802671
7681.6 0.807113
7682.25 0.810615
7682.9 0.812977
7683.55 0.81424
7684.2 0.814731
7684.85 0.814999
7685.5 0.815656
7686.15 0.817227
7686.8 0.820042
7687.45 0.824221
7688.1 0.829707
7688.75 0.836376
7689.4 0.8441
7690.05 0.852772
7690.7 0.862274
7691.35 0.872412
7692.0 0.882845
7692.65 0.893065
7693.3 0.90242
7693.95 0.910228
7694.6 0.915926
7695.25 0.919208
7695.9 0.920127
7696.55 0.919078
7697.2 0.916708
7697.85 0.91371
7698.5 0.910627
7699.15 0.907685
7699.8 0.904711
7700.45 0.901167
7701.1 0.896314
7701.75 0.889456
7702.4 0.880177
7703.05 0.868557
7703.7 0.855249
7704.35 0.841395
7705.0 0.828405
7705.65 0.81765
7706.3 0.810152
7706.95 0.806366
7707.6 0.806111
7708.25 0.808675
7708.9 0.813025
7709.55 0.818071
7710.2 0.822901
7710.85 0.826934
7711.5 0.830014
7712.15 0.832335
7712.8 0.834348
7713.45 0.836597
7714.1 0.839582
7714.75 0.843675
7715.4 0.849061
7716.05 0.855762
7716.7 0.863672
7717.35 0.872566
7718.0 0.882119
7718.65 0.89188
7719.3 0.901264
7719.95 0.909607
7720.6 0.916281
7721.25 0.920853
7721.9 0.923245
7722.55 0.923821
7723.2 0.923322
7723.85 0.922695
7724.5 0.922803
7725.15 0.924188
7725.8 0.926907
7726.45 0.930543
7727.1 0.934385
7727.75 0.937696
7728.4 0.939994
7729.05 0.941227
7729.7 0.941778
7730.35 0.942337
7731.0 0.943644
7731.65 0.946212
7732.3 0.950169
7732.95 0.955205
7733.6 0.960737
7734.25 0.966095
7734.9 0.970746
7735.55 0.9744
7736.2 0.976995
7736.85 0.978562
7737.5 0.979068
7738.15 0.978293
7738.8 0.975857
7739.45 0.971311
7740.1 0.964322
7740.75 0.954849
7741.4 0.943208
7742.05 0.930037
7742.7 0.91616
7743.35 0.902368
7744.0 0.88923
7744.65 0.876976
7745.3 0.865508
7745.95 0.854525
7746.6 0.843745
7747.25 0.833116
7747.9 0.822956
7748.55 0.813944
7749.2 0.806989
7749.85 0.802929
7750.5 0.802297
7751.15 0.805075
7751.8 0.810628
7752.45 0.817799
7753.1 0.825108
7753.75 0.831035
7754.4 0.834308
7755.05 0.834149
7755.7 0.830432
7756.35 0.823737
7757.0 0.815236
7757.65 0.806486
7758.3 0.799122
7758.95 0.794499
7759.6 0.793414
7760.25 0.795942
7760.9 0.801468
7761.55 0.808869
7762.2 0.816813
7762.85 0.824066
7763.5 0.829785
7764.15 0.833653
7764.8 0.835918
7765.45 0.837272
7766.1 0.838659
7766.75 0.841015
7767.4 0.845048
7768.05 0.851088
7768.7 0.859058
7769.35 0.868546
7770.0 0.87896
7770.65 0.889679
7771.3 0.900186
7771.95 0.910058
7772.6 0.918961
7773.25 0.926581
7773.9 0.932613
7774.55 0.936799
7775.2 0.93898
7775.85 0.939158
7776.5 0.937512
7777.15 0.934322
7777.8 0.929891
7778.45 0.924442
7779.1 0.918088
7779.75 0.910851
7780.4 0.902784
7781.05 0.894083
7781.7 0.885145
7782.35 0.876561
7783.0 0.869
7783.65 0.863047
7784.3 0.859053
7784.95 0.857042
7785.6 0.856745
7786.25 0.857714
7786.9 0.859486
7787.55 0.861735
7788.2 0.864351
7788.85 0.867424
7789.5 0.871133
7790.15 0.875594
7790.8 0.880743
7791.45 0.886259
7792.1 0.891622
7792.75 0.896263
7793.4 0.899719
7794.05 0.901797
7794.7 0.902606
7795.35 0.90249
7796.0 0.901893
7796.65 0.901195
7797.3 0.900583
7797.95 0.90004
7798.6 0.899404
7799.25 0.898489
7799.9 0.897224
7800.55 0.895754
7801.2 0.894465
7801.85 0.893929
7802.5 0.894795
7803.15 0.897635
7803.8 0.902791
7804.45 0.910302
7805.1 0.919861
7805.75 0.930863
7806.4 0.942507
7807.05 0.95392
7807.7 0.96427
7808.35 0.972879
7809.0 0.979276
7809.65 0.98322
7810.3 0.984719
7810.95 0.984019
7811.6 0.981574
7812.25 0.977996
7812.9 0.973969
7813.55 0.970127
7814.2 0.966922
7814.85 0.96453
7815.5 0.9628
7816.15 0.961329
7816.8 0.959582
7817.45 0.957094
7818.1 0.953629
7818.75 0.949304
7819.4 0.944566
7820.05 0.940091
7820.7 0.936584
7821.35 0.934531
7822.0 0.933983
7822.65 0.934439
7823.3 0.934863
7823.95 0.93387
7824.6 0.930018
7825.25 0.922172
7825.9 0.909818
7826.55 0.893292
7827.2 0.873817
7827.85 0.853364
7828.5 0.834347
7829.15 0.819206
7829.8 0.809939
7830.45 0.80771
7831.1 0.812601
7831.75 0.823572
7832.4 0.838676
7833.05 0.855478
7833.7 0.871552
7834.35 0.884941
7835.0 0.894461
7835.65 0.899782
7836.3 0.901307
7836.95 0.899933
7837.6 0.89676
7838.25 0.892878
7838.9 0.889222
7839.55 0.886552
7840.2 0.885444
7840.85 0.886328
7841.5 0.88946
7842.15 0.894879
7842.8 0.902328
7843.45 0.911228
7844.1 0.920694
7844.75 0.929634
7845.4 0.936938
7846.05 0.941694
7846.7 0.94335
7847.35 0.94182
7848.0 0.937497
7848.65 0.931159
7849.3 0.923826
7849.95 0.91658
7850.6 0.91041
7851.25 0.906063
7851.9 0.903963
7852.55 0.904141
7853.2 0.906276
7853.85 0.909711
7854.5 0.913579
7855.15 0.916911
7855.8 0.918757
7856.45 0.918274
7857.1 0.914833
7857.75 0.908096
7858.4 0.898123
7859.05 0.885479
7859.7 0.871262
7860.35 0.857058
7861.0 0.844672
7861.65 0.835783
7862.3 0.831503
7862.95 0.832068
7863.6 0.836716
7864.25 0.843894
7864.9 0.851671
7865.55 0.858272
7866.2 0.862545
7866.85 0.864193
7867.5 0.863798
7868.15 0.862594
7868.8 0.862091
7869.45 0.863656
7870.1 0.868183
7870.75 0.87589
7871.4 0.886323
7872.05 0.898513
7872.7 0.911279
7873.35 0.92354
7874.0 0.934582
7874.65 0.944167
7875.3 0.952519
7875.95 0.960103
7876.6 0.967396
7877.25 0.974632
7877.9 0.981676
7878.55 0.988004
7879.2 0.992868
7879.85 0.995534
7880.5 0.995548
7881.15 0.992933
7881.8 0.988244
7882.45 0.982472
7883.1 0.976806
7883.75 0.972357
7884.4 0.969902
7885.05 0.969725
7885.7 0.971602
7886.35 0.9749
7887.0 0.978792
7887.65 0.982482
7888.3 0.985426
7888.95 0.987394
7889.6 0.988473
7890.25 0.98893
7890.9 0.989061
7891.55 0.989031
7892.2 0.988791
7892.85 0.98811
7893.5 0.98666
7894.15 0.984156
7894.8 0.980459
7895.45 0.975646
7896.1 0.969998
7896.75 0.963955
7897.4 0.958033
7898.05 0.952718
7898.7 0.948399
7899.35 0.945282
7900.0 0.94338
7900.65 0.942513
7901.3 0.942348
7901.95 0.942451
7902.6 0.942351
7903.25 0.941604
7903.9 0.939871
7904.55 0.936952
7905.2 0.93282
7905.85 0.927617
7906.5 0.921601
7907.15 0.915043
7907.8 0.908139
7908.45 0.900932
7909.1 0.893335
7909.75 0.885203
7910.4 0.876515
7911.05 0.867482
7911.7 0.858622
7912.35 0.850666
7913.0 0.844426
7913.65 0.840535
7914.3 0.83928
7914.95 0.840539
7915.6 0.843817
7916.25 0.848392
7916.9 0.853489
7917.55 0.858439
7918.2 0.862797
7918.85 0.866408
7919.5 0.869436
7920.15 0.87231
7920.8 0.875647
7921.45 0.880065
7922.1 0.885975
7922.75 0.893441
7923.4 0.902139
7924.05 0.911451
7924.7 0.920694
7925.35 0.929368
7926.0 0.937279
7926.65 0.944508
7927.3 0.951253
7927.95 0.957583
7928.6 0.963289
7929.25 0.96786
7929.9 0.970626
7930.55 0.971011
7931.2 0.96873
7931.85 0.963926
7932.5 0.957114
7933.15 0.949023
7933.8 0.940402
7934.45 0.931836
7935.1 0.923742
7935.75 0.916366
7936.4 0.909878
7937.05 0.904455
7937.7 0.900287
7938.35 0.897528
7939.0 0.896211
7939.65 0.896161
7940.3 0.896971
7940.95 0.898045
7941.6 0.898752
7942.25 0.898566
7942.9 0.897223
7943.55 0.894767
7944.2 0.891506
7944.85 0.887897
7945.5 0.884425
7946.15 0.881513
7946.8 0.879502
7947.45 0.878689
7948.1 0.879323
7948.75 0.881584
7949.4 0.88549
7950.05 0.890826
7950.7 0.897121
7951.35 0.903726
7952.0 0.909976
7952.65 0.915381
7953.3 0.919741
7953.95 0.923154
7954.6 0.925926
7955.25 0.928421
7955.9 0.930919
7956.55 0.93355
7957.2 0.936272
7957.85 0.938955
7958.5 0.941447
7959.15 0.94366
7959.8 0.945615
7960.45 0.947469
7961.1 0.949492
7961.75 0.952021
7962.4 0.955366
7963.05 0.959716
7963.7 0.965067
7964.35 0.971178
7965.0 0.977628
7965.65 0.983888
7966.3 0.989449
7966.95 0.993921
7967.6 0.997098
7968.25 0.99899
7968.9 0.99978
7969.55 0.999778
7970.2 0.999314
7970.85 0.998675
7971.5 0.998031
7972.15 0.997411
7972.8 0.996692
7973.45 0.995649
7974.1 0.993998
7974.75 0.991463
7975.4 0.987845
7976.05 0.983082
7976.7 0.977298
7977.35 0.970828
7978.0 0.964193
7978.65 0.958017
7979.3 0.952874
7979.95 0.949149
7980.6 0.946906
7981.25 0.945862
7981.9 0.945465
8008.55 0.92841
8009.2 0.935142
8009.85 0.941805
8010.5 0.947925
8011.15 0.953162
8011.8 0.957415
8012.45 0.960838
8013.1 0.963792
8013.75 0.966684
8014.4 0.969827
8015.05 0.973324
8015.7 0.977003
8016.35 0.980457
8017.0 0.983159
8017.65 0.984567
8018.3 0.984249
8018.95 0.98198
8019.6 0.977767
8020.25 0.971846
8020.9 0.964636
8021.55 0.956663
8022.2 0.948491
8022.85 0.940649
8023.5 0.933598
8024.15 0.927717
8024.8 0.923317
8025.45 0.920645
8026.1 0.919909
8026.75 0.921233
8027.4 0.924639
8028.05 0.93
8028.7 0.93702
8029.35 0.945278
8030.0 0.95427
8030.65 0.963498
8031.3 0.972521
8031.95 0.980977
8032.6 0.988575
8033.25 0.995085
8033.9 1.00034
8034.55 1.00426
8035.2 1.0069
8035.85 1.00844
8036.5 1.00914
8037.15 1.00929
8037.8 1.00909
8038.45 1.00861
8039.1 1.00777
8039.75 1.00641
8040.4 1.00426
8041.05 1.0011
8041.7 0.996706
8042.35 0.990917
8043.0 0.983661
8043.65 0.975034
8044.3 0.965355
8044.95 0.955207
8045.6 0.945412
8046.25 0.936932
8046.9 0.930713
8047.55 0.927509
8048.2 0.927771
8048.85 0.931579
8049.5 0.938684
8050.15 0.948581
8050.8 0.960575
8051.45 0.973882
8052.1 0.987672
8052.75 1.00113
8053.4 1.01355
8054.05 1.02437
8054.7 1.03325
8055.35 1.04005
8056.0 1.04478
8056.65 1.04751
8057.3 1.04835
8057.95 1.0474
8058.6 1.04478
8059.25 1.04074
8059.9 1.03563
8060.55 1.02994
8061.2 1.0242
8061.85 1.01894
8062.5 1.01462
8063.15 1.01151
8063.8 1.00971
8064.45 1.00913
8065.1 1.00947
8065.75 1.01029
8066.4 1.0111
8067.05 1.01136
8067.7 1.01067
8068.35 1.00876
8069.0 1.00557
8069.65 1.00121
8070.3 0.995953
8070.95 0.990156
8071.6 0.984255
8072.25 0.978748
8072.9 0.974193
8073.55 0.971174
8074.2 0.970229
8074.85 0.971699
8075.5 0.975616
8076.15 0.981603
8076.8 0.98889
8077.45 0.996462
8078.1 1.00326
8078.75 1.00843
8079.4 1.01145
8080.05 1.01224
8080.7 1.01113
8081.35 1.0087
8082.0 1.00571
8082.65 1.00292
8083.3 1.00098
8083.95 1.00041
8084.6 1.00147
8085.25 1.00421
8085.9 1.0084
8086.55 1.01356
8087.2 1.01904
8087.85 1.02416
8088.5 1.02829
8089.15 1.03107
8089.8 1.03248
8090.45 1.03287
8091.1 1.03281
8091.75 1.03293
8092.4 1.0337
8093.05 1.03523
8093.7 1.03729
8094.35 1.03935
8095.0 1.04083
8095.65 1.04126
8096.3 1.04043
8096.95 1.03842
8097.6 1.03549
8098.25 1.03196
8098.9 1.02817
8099.55 1.02437
8100.2 1.02081
8100.85 1.01775
8101.5 1.01543
8102.15 1.01404
8102.8 1.01363
8103.45 1.01405
8104.1 1.01497
8104.75 1.01594
8105.4 1.01652
8106.05 1.0164
8106.7 1.01541
8107.35 1.01357
8108.0 1.01103
8108.65 1.008
8109.3 1.00475
8109.95 1.00158
8110.6 0.99875
8111.25 0.996478
8111.9 0.994919
8112.55 0.994152
8113.2 0.994224
8113.85 0.995211
8114.5 0.99726
8115.15 1.00057
8115.8 1.00532
8116.45 1.01154
8117.1 1.01902
8117.75 1.02732
8118.4 1.03582
8119.05 1.04388
8119.7 1.051
8120.35 1.05693
8121.0 1.06171
8121.65 1.06555
8122.3 1.06883
8122.95 1.0719
8123.6 1.07504
8124.25 1.07841
8124.9 1.08198
8125.55 1.08552
8126.2 1.08869
8126.85 1.09105
8127.5 1.09223
8128.15 1.092
8128.8 1.09038
8129.45 1.08769
8130.1 1.08449
8130.75 1.08147
8131.4 1.07935
8132.05 1.07878
8132.7 1.08021
8133.35 1.0839
8134.0 1.08979
8134.65 1.09762
8135.3 1.10684
8135.95 1.11678
8136.6 1.12668
8137.25 1.13585
8137.9 1.14371
8138.55 1.14986
8139.2 1.15407
8139.85 1.15629
8140.5 1.15662
8141.15 1.15532
8141.8 1.15285
8142.45 1.14981
8143.1 1.1469
8143.75 1.14481
8144.4 1.14407
8145.05 1.14493
8145.7 1.14727
8146.35 1.15071
8147.0 1.15462
8147.65 1.15835
8148.3 1.16133
8148.95 1.16323
8149.6 1.16394
8150.25 1.16356
8150.9 1.16226
8151.55 1.16027
8152.2 1.15777
8152.85 1.1549
8153.5 1.15179
8154.15 1.14856
8154.8 1.14529
8155.45 1.14196
8156.1 1.13841
8156.75 1.13447
8157.4 1.12999
8158.05 1.12508
8158.7 1.12017
8159.35 1.116
8160.0 1.11344
8160.65 1.11319
8161.3 1.11552
8161.95 1.12005
8162.6 1.12587
8163.25 1.13178
8163.9 1.13657
8164.55 1.13944
8165.2 1.14014
8165.85 1.13897
8166.5 1.1367
8167.15 1.13424
8167.8 1.13248
8168.45 1.13201
8169.1 1.13311
8169.75 1.1357
8170.4 1.13941
8171.05 1.14375
8171.7 1.14816
8172.35 1.15215
8173.0 1.15538
8173.65 1.15763
8174.3 1.15884
8174.95 1.15906
8175.6 1.15835
8176.25 1.1568
8176.9 1.15444
8177.55 1.15121
8178.2 1.14701
8178.85 1.14171
8179.5 1.13528
8180.15 1.12787
8180.8 1.11987
8181.45 1.11192
8182.1 1.10482
8182.75 1.09935
8183.4 1.09617
8184.05 1.09567
8184.7 1.09802
8185.35 1.10319
8186.0 1.11102
8186.65 1.12123
8187.3 1.13329
8187.95 1.14631
8188.6 1.15902
8189.25 1.1698
8189.9 1.17697
8190.55 1.17911
8191.2 1.17547
8191.85 1.16619
8192.5 1.15233
8193.15 1.13565
8193.8 1.11819
8194.45 1.10181
8195.1 1.08777
8195.75 1.07661
8196.4 1.06816
8197.05 1.06182
8197.7 1.05687
8198.35 1.05267
8199.0 1.04876
8199.65 1.04483
8200.3 1.04063
8200.95 1.03595
8201.6 1.03069
8202.25 1.02496
8202.9 1.01915
8203.55 1.01392
8204.2 1.01003
8204.85 1.00821
8205.5 1.0089
8206.15 1.01215
8206.8 1.0176
8207.45 1.02464
8208.1 1.03249
8208.75 1.04043
8209.4 1.04787
8210.05 1.05446
8210.7 1.06005
8211.35 1.06471
8212.0 1.06865
8212.65 1.07215
8213.3 1.07549
8213.95 1.0788
8214.6 1.08207
8215.25 1.08513
8215.9 1.08769
8216.55 1.08955
8217.2 1.09072
8217.85 1.0915
8218.5 1.09248
8219.15 1.09431
8219.8 1.09753
8220.45 1.10226
8221.1 1.10817
8221.75 1.11455
8222.4 1.12053
8223.05 1.12539
8223.7 1.12877
8224.35 1.13078
8225.0 1.13192
8225.65 1.13284
8226.3 1.13411
8226.95 1.13602
8227.6 1.13853
8228.25 1.14129
8228.9 1.14382
8229.55 1.14565
8230.2 1.14644
8230.85 1.14604
8231.5 1.14444
8232.15 1.14163
8232.8 1.13756
8233.45 1.13215
8234.1 1.12536
8234.75 1.11732
8235.4 1.10852
8236.05 1.09973
8236.7 1.09194
8237.35 1.08615
8238.0 1.08313
8238.65 1.0832
8239.3 1.08624
8239.95 1.09172
8240.6 1.09891
8241.25 1.10703
8241.9 1.11544
8242.55 1.12365
8243.2 1.13131
8243.85 1.13815
8244.5 1.14391
8245.15 1.14833
8245.8 1.15121
8246.45 1.15242
8247.1 1.15196
8247.75 1.15001
8248.4 1.14689
8249.05 1.14303
8249.7 1.13884
8250.35 1.1347
8251.0 1.13089
8251.65 1.1276
8252.3 1.12497
8252.95 1.12318
8253.6 1.12242
8254.25 1.12295
8254.9 1.12498
8255.55 1.12858
8256.2 1.13363
8256.85 1.13976
8257.5 1.14635
8258.15 1.15269
8258.8 1.15807
8259.45 1.16193
8260.1 1.16395
8260.75 1.16409
8261.4 1.16254
8262.05 1.15969
8262.7 1.15605
8263.35 1.15212
8264.0 1.14833
8264.65 1.1449
8265.3 1.14185
8265.95 1.13898
8266.6 1.13596
8267.25 1.13246
8267.9 1.12833
8268.55 1.12366
8269.2 1.11886
8269.85 1.11455
8270.5 1.11143
8271.15 1.11011
8271.8 1.11093
8272.45 1.11391
8273.1 1.11875
8273.75 1.12491
8274.4 1.1317
8275.05 1.13847
8275.7 1.14463
8276.35 1.14974
8277.0 1.15353
8277.65 1.15578
8278.3 1.1564
8278.95 1.15533
8279.6 1.15258
8280.25 1.14827
8280.9 1.14266
8281.55 1.13616
8282.2 1.12924
8282.85 1.12235
8283.5 1.1158
8284.15 1.10967
8284.8 1.1038
8285.45 1.09787
8286.1 1.09155
8286.75 1.08472
8287.4 1.07758
8288.05 1.07078
8288.7 1.06528
8289.35 1.06218
8290.0 1.06245
8290.65 1.0666
8291.3 1.07447
8291.95 1.0852
8292.6 1.09729
8293.25 1.10896
8293.9 1.11845
8294.55 1.12449
8295.2 1.12655
8295.85 1.12494
8296.5 1.12065
8297.15 1.115
8297.8 1.10923
8298.45 1.10415
8299.1 1.09995
8299.75 1.09633
8300.4 1.09267
8301.05 1.08832
8301.7 1.08285
8302.35 1.07607
8303.0 1.06812
8303.65 1.05936
8304.3 1.05035
8304.95 1.04175
8305.6 1.03428
8306.25 1.02857
8306.9 1.0251
8307.55 1.02409
8308.2 1.02546
8308.85 1.02893
8309.5 1.03404
8310.15 1.04032
8310.8 1.04731
8311.45 1.05462
8312.1 1.06193
8312.75 1.06898
8313.4 1.07563
8314.05 1.08185
8314.7 1.08774
8315.35 1.09349
8316.0 1.09932
8316.65 1.10537
8317.3 1.11161
8317.95 1.11782
8318.6 1.12352
8319.25 1.12812
8319.9 1.13092
8320.55 1.13134
8321.2 1.12894
8321.85 1.12353
8322.5 1.11523
8323.15 1.10449
8323.8 1.0921
8324.45 1.07913
8325.1 1.06681
8325.75 1.05633
8326.4 1.04854
8327.05 1.0438
8327.7 1.0418
8328.35 1.04171
8329.0 1.04239
8329.65 1.04282
8330.3 1.04233
8330.95 1.0408
8331.6 1.03861
8332.25 1.03647
8332.9 1.03516
8333.55 1.0353
8334.2 1.03723
8334.85 1.04094
8335.5 1.04612
8336.15 1.05225
8336.8 1.0587
8337.45 1.06482
8338.1 1.07005
8338.75 1.0739
8339.4 1.07597
8340.05 1.07594
8340.7 1.07352
8341.35 1.06856
8342.0 1.06103
8342.65 1.05118
8343.3 1.03946
8343.95 1.02664
8344.6 1.01363
8345.25 1.00144
8345.9 0.990959
8346.55 0.982845
8347.2 0.977388
8347.85 0.974471
8348.5 0.973628
8349.15 0.974189
8349.8 0.975525
8350.45 0.977253
8351.1 0.979401
8351.75 0.982376
8352.4 0.986758
8353.05 0.992989
8353.7 1.00107
8354.35 1.01044
8355.0 1.02001
8355.65 1.02848
8356.3 1.03463
8356.95 1.03759
8357.6 1.03695
8358.25 1.03274
8358.9 1.02528
8359.55 1.01513
8360.2 1.00298
8360.85 0.989762
8361.5 0.97667
8362.15 0.965127
8362.8 0.95665
8363.45 0.952599
8364.1 0.953856
8364.75 0.960614
8365.4 0.972196
8366.05 0.987198
8366.7 1.00367
8367.35 1.01948
8368.0 1.03269
8368.65 1.04187
8369.3 1.0463
8369.95 1.04603
8370.6 1.04178
8371.25 1.03475
8371.9 1.02626
8372.55 1.0175
8373.2 1.00925
8373.85 1.00184
8374.5 0.995223
8375.15 0.989205
8375.8 0.983624
8376.45 0.978502
8377.1 0.973992
8377.75 0.970238
8378.4 0.967229
8379.05 0.964743
8379.7 0.962434
8380.35 0.960036
8381.0 0.957522
8381.65 0.955183
8382.3 0.953485
8382.95 0.952854
8383.6 0.953467
8384.25 0.955171
8384.9 0.957558
8385.55 0.960163
8386.2 0.96266
8386.85 0.964987
8387.5 0.967309
8388.15 0.969886
8388.8 0.972939
8389.45 0.976517
8390.1 0.980479
8390.75 0.984521
8391.4 0.98825
8392.05 0.991277
8392.7 0.993318
8393.35 0.994274
8394.0 0.994302
8394.65 0.993838
8395.3 0.993533
8395.95 0.994102
8396.6 0.996125
8397.25 0.999846
8397.9 1.00507
8398.55 1.0112
8399.2 1.01737
8399.85 1.02269
8400.5 1.02653
8401.15 1.02866
8401.8 1.0293
8402.45 1.02903
8403.1 1.02861
8403.75 1.0287
8404.4 1.02972
8405.05 1.03164
8405.7 1.03401
8406.35 1.03608
8407.0 1.03698
8407.65 1.03601
8408.3 1.0328
8408.95 1.02752
8409.6 1.02089
8410.25 1.01405
8410.9 1.00835
8411.55 1.00503
8412.2 1.00491
8412.85 1.00817
8413.5 1.01432
8414.15 1.0223
8414.8 1.03077
8415.45 1.0384
8416.1 1.04415
8416.75 1.04739
8417.4 1.04794
8418.05 1.04595
8418.7 1.04174
8419.35 1.03563
8420.0 1.0278
8420.65 1.0183
8421.3 1.00711
8421.95 0.994329
8422.6 0.980326
8423.25 0.965901
8423.9 0.952264
8424.55 0.940888
8425.2 0.933216
8425.85 0.930316
8426.5 0.932546
8427.15 0.93939
8427.8 0.949465
8428.45 0.960702
8429.1 0.970691
8429.75 0.977091
8430.4 0.978058
8431.05 0.972583
8431.7 0.96073
8432.35 0.943683
8433.0 0.92359
8433.65 0.903177
8434.3 0.885229
8434.95 0.87202
8435.6 0.864868
8436.25 0.863933
8436.9 0.868316
8437.55 0.876402
8438.2 0.88628
8438.85 0.896176
8439.5 0.90472
8440.15 0.911052
8440.8 0.914853
8441.45 0.916258
8442.1 0.91577
8442.75 0.914113
8443.4 0.912081
8444.05 0.910348
8444.7 0.909324
8445.35 0.909069
8446.0 0.909309
8446.65 0.909516
8447.3 0.90905
8447.95 0.907319
8448.6 0.903876
8449.25 0.898519
8449.9 0.891338
8450.55 0.882729
8451.2 0.873353
8451.85 0.864065
8452.5 0.855767
8453.15 0.849262
8453.8 0.845091
8454.45 0.843458
8455.1 0.844219
8455.75 0.846932
8456.4 0.850938
8457.05 0.855445
8457.7 0.859616
8458.35 0.862687
8459.0 0.864068
8459.65 0.863497
8460.3 0.861116
8460.95 0.857472
8461.6 0.853382
8462.25 0.84969
8462.9 0.847018
8463.55 0.845567
8464.2 0.845128
8464.85 0.845227
8465.5 0.845361
8466.15 0.845222
8466.8 0.844782
8467.45 0.844212
8468.1 0.843723
8468.75 0.843357
8469.4 0.842909
8470.05 0.842002
8470.7 0.840287
8471.35 0.83768
8472.0 0.83453
8472.65 0.831603
8473.3 0.829915
8473.95 0.830434
8474.6 0.833799
8475.25 0.840136
8475.9 0.849043
8476.55 0.859711
8477.2 0.871161
8477.85 0.882467
8478.5 0.892915
8479.15 0.902076
8479.8 0.90978
8480.45 0.916067
8481.1 0.921116
8481.75 0.925172
8482.4 0.928502
8483.05 0.931344
8483.7 0.93387
8484.35 0.936169
8485.0 0.938277
8485.65 0.940208
8486.3 0.942021
8486.95 0.943873
8487.6 0.94598
8488.25 0.948562
8488.9 0.951752
8489.55 0.955471
8490.2 0.959415
8490.85 0.963066
8491.5 0.965831
8492.15 0.967188
8492.8 0.966814
8493.45 0.964676
8494.1 0.961002
8494.75 0.956201
8495.4 0.950751
8496.05 0.945084
8496.7 0.939561
8497.35 0.934479
8498.0 0.930113
8498.65 0.926725
8499.3 0.924549
8499.95 0.923695
8500.6 0.92408
8501.25 0.925404
8501.9 0.927191
8502.55 0.928931
8503.2 0.930216
8503.85 0.930864
8504.5 0.930962
8505.15 0.93078
8505.8 0.930639
8506.45 0.930713
8507.1 0.930915
8507.75 0.93086
8508.4 0.929936
8509.05 0.927474
8509.7 0.922933
8510.35 0.91606
8511.0 0.907007
8511.65 0.896326
8512.3 0.884919
8512.95 0.873881
8513.6 0.864355
8514.25 0.857369
8514.9 0.853661
8515.55 0.853601
8516.2 0.857136
8516.85 0.863805
8517.5 0.872841
8518.15 0.8833
8518.8 0.894229
8519.45 0.904828
8520.1 0.914564
8520.75 0.923202
8521.4 0.930768
8522.05 0.937413
8522.7 0.943272
8523.35 0.948354
8524.0 0.952493
8524.65 0.955412
8525.3 0.956823
8525.95 0.956564
8526.6 0.954702
8527.25 0.951556
8527.9 0.947677
8528.55 0.943723
8529.2 0.940345
8529.85 0.938062
8530.5 0.937166
8531.15 0.937668
8531.8 0.939306
8532.45 0.941622
8533.1 0.944058
8533.75 0.946073
8534.4 0.947289
8535.05 0.947573
8535.7 0.947067
8536.35 0.946127
8537.0 0.945161
8537.65 0.944408
8538.3 0.943756
8538.95 0.942692
8539.6 0.940399
8540.25 0.936069
8540.9 0.929278
8541.55 0.920277
8542.2 0.910086
8542.85 0.900305
8543.5 0.892703
8544.15 0.888759
8544.8 0.889286
8545.45 0.894292
8546.1 0.903068
8546.75 0.914465
8547.4 0.927216
8548.05 0.940217
8548.7 0.952668
8549.35 0.964081
8550.0 0.974207
8550.65 0.982901
8551.3 0.990014
8551.95 0.995345
8552.6 0.998647
8553.25 0.999697
8553.9 0.998386
8554.55 0.994838
8555.2 0.989491
8555.85 0.983093
8556.5 0.976631
8557.15 0.971186
8557.8 0.967701
8558.45 0.966797
8559.1 0.968635
8559.75 0.972917
8560.4 0.978993
8561.05 0.986081
8561.7 0.993463
8562.35 1.00065
8563.0 1.00741
8563.65 1.01375
8564.3 1.01977
8564.95 1.02554
8565.6 1.03103
8566.25 1.03607
8566.9 1.0404
8567.55 1.04372
8568.2 1.04584
8568.85 1.04668
8569.5 1.04631
8570.15 1.04496
8570.8 1.04296
8571.45 1.04067
8572.1 1.03848
8572.75 1.03667
8573.4 1.03537
8574.05 1.03451
8574.7 1.03379
8575.35 1.03273
8576.0 1.03082
8576.65 1.02759
8577.3 1.02287
8577.95 1.01676
8578.6 1.00975
8579.25 1.00255
8579.9 0.996005
8580.55 0.990864
8581.2 0.987671
8581.85 0.98666
8582.5 0.987742
8583.15 0.990563
8583.8 0.994618
8584.45 0.999364
8585.1 1.00433
8585.75 1.00915
8586.4 1.01358
8587.05 1.0175
8587.7 1.02083
8588.35 1.02352
8589.0 1.02556
8589.65 1.02695
8590.3 1.0277
8590.95 1.02784
8591.6 1.02737
8592.25 1.02629
8592.9 1.02455
8593.55 1.02214
8594.2 1.01912
8594.85 1.01573
8595.5 1.01242
8596.15 1.00979
8596.8 1.00851
8597.45 1.00911
8598.1 1.01185
8598.75 1.01664
8599.4 1.02302
8600.05 1.03027
8600.7 1.0376
8601.35 1.04432
8602.0 1.05
8602.65 1.05452
8603.3 1.05803
8603.95 1.06079
8604.6 1.06303
8605.25 1.06479
8605.9 1.06586
8606.55 1.06584
8607.2 1.0643
8607.85 1.06095
8608.5 1.05578
8609.15 1.04913
8609.8 1.04164
8610.45 1.03411
8611.1 1.0274
8611.75 1.02228
8612.4 1.01929
8613.05 1.01871
8613.7 1.0205
8614.35 1.02437
8615.0 1.02983
8615.65 1.03628
8616.3 1.04315
8616.95 1.04995
8617.6 1.05635
8618.25 1.06226
8618.9 1.06773
8619.55 1.07292
8620.2 1.07805
8620.85 1.08331
8621.5 1.08878
8622.15 1.09438
8622.8 1.09994
8623.45 1.10511
8624.1 1.10946
8624.75 1.11252
8625.4 1.11378
8626.05 1.11284
8626.7 1.10954
8627.35 1.10398
8628.0 1.09665
8628.65 1.08836
8629.3 1.08009
8629.95 1.07278
8630.6 1.06715
8631.25 1.06352
8631.9 1.06183
8632.55 1.06173
8633.2 1.06277
8633.85 1.06457
8634.5 1.06694
8635.15 1.06987
8635.8 1.07345
8636.45 1.07771
8637.1 1.08246
8637.75 1.08731
8638.4 1.09166
8639.05 1.09487
8639.7 1.09643
8640.35 1.09613
8641.0 1.09406
8641.65 1.09063
8642.3 1.08638
8642.95 1.08191
8643.6 1.0777
8644.25 1.07407
8644.9 1.07121
8645.55 1.06913
8646.2 1.06774
8646.85 1.06681
8647.5 1.06603
8648.15 1.065
8648.8 1.06344
8649.45 1.06124
8650.1 1.05854
8650.75 1.05576
8651.4 1.05337
8652.05 1.05177
8652.7 1.05109
8653.35 1.0512
8654.0 1.05179
8654.65 1.05258
8655.3 1.0535
8655.95 1.0547
8656.6 1.05643
8657.25 1.05869
8657.9 1.06104
8658.55 1.06247
8659.2 1.06169
8659.85 1.05753
8660.5 1.04961
8661.15 1.03867
8661.8 1.02668
8662.45 1.01651
8663.1 1.01115
8663.75 1.0129
8664.4 1.02274
8665.05 1.03994
8665.7 1.06228
8666.35 1.0865
8667.0 1.10904
8667.65 1.12682
8668.3 1.13777
8668.95 1.1411
8669.6 1.13728
8670.25 1.12766
8670.9 1.11405
8671.55 1.09827
8672.2 1.08191
8672.85 1.06615
8673.5 1.05185
8674.15 1.03955
8674.8 1.02959
8675.45 1.02215
8676.1 1.01722
8676.75 1.01462
8677.4 1.01403
8678.05 1.01499
8678.7 1.01702
8679.35 1.0196
8680.0 1.02225
8680.65 1.02456
8681.3 1.02627
8681.95 1.02727
8682.6 1.02759
8683.25 1.02732
8683.9 1.02654
8684.55 1.02527
8685.2 1.02358
8685.85 1.02167
8686.5 1.01994
8687.15 1.01903
8687.8 1.0197
8688.45 1.02265
8689.1 1.02833
8689.75 1.03682
8690.4 1.04783
8691.05 1.06074
8691.7 1.07475
8692.35 1.08891
8693.0 1.10219
8693.65 1.11354
8694.3 1.12201
8694.95 1.12692
8695.6 1.12803
8696.25 1.12563
8696.9 1.1205
8697.55 1.11377
8698.2 1.10662
8698.85 1.10004
8699.5 1.09462
8700.15 1.09057
8700.8 1.08773
8701.45 1.08583
8702.1 1.08457
8702.75 1.08376
8703.4 1.08331
8704.05 1.08316
8704.7 1.08322
8705.35 1.08332
8706.0 1.08322
8706.65 1.08266
8707.3 1.08149
8707.95 1.0797
8708.6 1.07752
8709.25 1.07534
8709.9 1.07371
8710.55 1.07318
8711.2 1.07422
8711.85 1.07711
8712.5 1.08192
8713.15 1.08844
8713.8 1.09628
8714.45 1.10492
8715.1 1.11378
8715.75 1.12232
8716.4 1.1301
8717.05 1.13672
8717.7 1.14191
8718.35 1.14545
8719.0 1.14728
8719.65 1.14746
8720.3 1.14623
8720.95 1.14396
8721.6 1.1411
8722.25 1.13806
8722.9 1.13515
8723.55 1.13257
8724.2 1.13041
8724.85 1.1288
8725.5 1.12786
8726.15 1.1278
8726.8 1.12882
8727.45 1.13099
8728.1 1.13412
8728.75 1.13769
8729.4 1.14086
8730.05 1.14259
8730.7 1.14187
8731.35 1.138
8732.0 1.13083
8732.65 1.1209
8733.3 1.10937
8733.95 1.09785
8734.6 1.08803
8735.25 1.08124
8735.9 1.07822
8736.55 1.07892
8737.2 1.0826
8737.85 1.08806
8738.5 1.09402
8739.15 1.09941
8739.8 1.10356
8740.45 1.10629
8741.1 1.10781
8741.75 1.10856
8742.4 1.10905
8743.05 1.10974
8743.7 1.11095
8744.35 1.11289
8745.0 1.11567
8745.65 1.11933
8746.3 1.12382
8746.95 1.12896
8747.6 1.13439
8748.25 1.13963
8748.9 1.14408
8749.55 1.14712
8750.2 1.14825
8750.85 1.14717
8751.5 1.14385
8752.15 1.1385
8752.8 1.13162
8753.45 1.12393
8754.1 1.11632
8754.75 1.10975
8755.4 1.10506
8756.05 1.10282
8756.7 1.10315
8757.35 1.10568
8758.0 1.1096
8758.65 1.11389
8759.3 1.11754
8759.95 1.11984
8760.6 1.12042
8761.25 1.11939
8761.9 1.11718
8762.55 1.11443
8763.2 1.11184
8763.85 1.11001
8764.5 1.1094
8765.15 1.11015
8765.8 1.11214
8766.45 1.1149
8767.1 1.11772
8767.75 1.1198
8768.4 1.12045
8769.05 1.11932
8769.7 1.11655
8770.35 1.11269
8771.0 1.10857
8771.65 1.10501
8772.3 1.10261
8772.95 1.10159
8773.6 1.10188
8774.25 1.10326
8774.9 1.10549
8775.55 1.10847
8776.2 1.11217
8776.85 1.11657
8777.5 1.12151
8778.15 1.12666
8778.8 1.1315
8779.45 1.1355
8780.1 1.13817
8780.75 1.13916
8781.4 1.13829
8782.05 1.13548
8782.7 1.1307
8783.35 1.12391
8784.0 1.11513
8784.65 1.10451
8785.3 1.09253
8785.95 1.08003
8786.6 1.06818
8787.25 1.05832
8787.9 1.05167
8788.55 1.04905
8789.2 1.05066
8789.85 1.05611
8790.5 1.06451
8791.15 1.07479
8791.8 1.08592
8792.45 1.09715
8793.1 1.10799
8793.75 1.11827
8794.4 1.1279
8795.05 1.13682
8795.7 1.14487
8796.35 1.15178
8797.0 1.1572
8797.65 1.16078
8798.3 1.16221
8798.95 1.16132
8799.6 1.15799
8800.25 1.15219
8800.9 1.14386
8801.55 1.133
8802.2 1.1197
8802.85 1.10436
8803.5 1.0878
8804.15 1.07138
8804.8 1.05683
8805.45 1.04596
8806.1 1.04028
8806.75 1.0406
8807.4 1.04682
8808.05 1.058
8808.7 1.07259
8809.35 1.08888
8810.0 1.10527
8810.65 1.12062
8811.3 1.13426
8811.95 1.14587
8812.6 1.15533
8813.25 1.16254
8813.9 1.16736
8814.55 1.1696
8815.2 1.16917
8815.85 1.16615
8816.5 1.16092
8817.15 1.15407
8817.8 1.14633
8818.45 1.13832
8819.1 1.13048
8819.75 1.12298
8820.4 1.11582
8821.05 1.10903
8821.7 1.10285
8822.35 1.09789
8823.0 1.09497
8823.65 1.09498
8824.3 1.09849
8824.95 1.10556
8825.6 1.11563
8826.25 1.12759
8826.9 1.14009
8827.55 1.15181
8828.2 1.16172
8828.85 1.16914
8829.5 1.17376
8830.15 1.17546
8830.8 1.17417
8831.45 1.16973
8832.1 1.16187
8832.75 1.15027
8833.4 1.13483
8834.05 1.11591
8834.7 1.09461
8835.35 1.07282
8836.0 1.05314
8836.65 1.03838
8837.3 1.03097
8837.95 1.03235
8838.6 1.04246
8839.25 1.05975
8839.9 1.08146
8840.55 1.10418
8841.2 1.12459
8841.85 1.14001
8842.5 1.14885
8843.15 1.1508
8843.8 1.14679
8844.45 1.13875
8845.1 1.12926
8845.75 1.121
8846.4 1.11625
8847.05 1.11648
8847.7 1.12207
8848.35 1.13237
8849.0 1.14591
8849.65 1.16084
8850.3 1.17534
8850.95 1.18796
8851.6 1.19778
8852.25 1.2044
8852.9 1.20776
8853.55 1.20797
8854.2 1.20506
8854.85 1.19896
8855.5 1.18945
8856.15 1.17638
8856.8 1.15982
8857.45 1.14026
8858.1 1.11865
8858.75 1.0964
8859.4 1.07508
8860.05 1.05618
8860.7 1.04078
8861.35 1.02937
8862.0 1.02183
8862.65 1.0175
8863.3 1.01546
8863.95 1.01469
8864.6 1.0143
8865.25 1.01358
8865.9 1.01207
8866.55 1.00946
8867.2 1.00565
8867.85 1.00071
8868.5 0.994832
8869.15 0.988362
8869.8 0.981665
8870.45 0.975016
8871.1 0.968462
8871.75 0.961778
8872.4 0.954516
8873.05 0.94619
8873.7 0.936545
8874.35 0.925807
8875.0 0.914794
8875.65 0.904833
8876.3 0.897447
8876.95 0.893942
8877.6 0.895019
8878.25 0.900573
8878.9 0.909763
8879.55 0.921308
8880.2 0.933892
8880.85 0.946515
8881.5 0.958657
8882.15 0.970229
8882.8 0.981361
8883.45 0.992174
8884.1 1.00259
8884.75 1.01231
8885.4 1.02086
8886.05 1.02778
8886.7 1.03271
8887.35 1.03544
8888.0 1.03587
8888.65 1.03396
8889.3 1.02953
8889.95 1.0223
8890.6 1.01182
8891.25 0.997673
8891.9 0.979684
8892.55 0.95826
8893.2 0.93462
8893.85 0.910866
8894.5 0.889752
8895.15 0.874177
8895.8 0.866504
8896.45 0.867979
8897.1 0.878401
8897.75 0.896239
8898.4 0.919094
8899.05 0.944329
8899.7 0.969642
8900.35 0.993382
8901.0 1.01459
8901.65 1.03284
8902.3 1.04795
8902.95 1.05987
8903.6 1.06858
8904.25 1.07416
8904.9 1.07684
8905.55 1.07704
8906.2 1.07537
8906.85 1.07243
8907.5 1.06869
8908.15 1.06442
8908.8 1.05962
8909.45 1.05415
8910.1 1.04792
8910.75 1.04111
8911.4 1.03424
8912.05 1.02815
8912.7 1.02381
8913.35 1.02203
8914.0 1.02316
8914.65 1.027
8915.3 1.03275
8915.95 1.03929
8916.6 1.04543
8917.25 1.05024
8917.9 1.05319
8918.55 1.05421
8919.2 1.05358
8919.85 1.05178
8920.5 1.04931
8921.15 1.04655
8921.8 1.04374
8922.45 1.04099
8923.1 1.03831
8923.75 1.03565
8924.4 1.03294
8925.05 1.03016
8925.7 1.02736
8926.35 1.02472
8927.0 1.02262
8927.65 1.02155
8928.3 1.02208
8928.95 1.02466
8929.6 1.02945
8930.25 1.03625
8930.9 1.04444
8931.55 1.05309
8932.2 1.06112
8932.85 1.06757
8933.5 1.0717
8934.15 1.07313
8934.8 1.07191
8935.45 1.06843
8936.1 1.06341
8936.75 1.05772
8937.4 1.05221
8938.05 1.04748
8938.7 1.0438
8939.35 1.04102
8940.0 1.03867
8940.65 1.03614
8941.3 1.03289
8941.95 1.02867
8942.6 1.02352
8943.25 1.01778
8943.9 1.01194
8944.55 1.00659
8945.2 1.0022
8945.85 0.999138
8946.5 0.997607
8947.15 0.997654
8947.8 0.999176
8948.45 1.00195
8949.1 1.00564
8949.75 1.00992
8950.4 1.0145
8951.05 1.0192
8951.7 1.02397
8952.35 1.02894
8953.0 1.03423
8953.65 1.03993
8954.3 1.04599
8954.95 1.05219
8955.6 1.05819
8956.25 1.06362
8956.9 1.06824
8957.55 1.07191
8958.2 1.07467
8958.85 1.07665
8959.5 1.07791
8960.15 1.07843
8960.8 1.07793
8961.45 1.07592
8962.1 1.07174
8962.75 1.06471
8963.4 1.05431
8964.05 1.04041
8964.7 1.02348
8965.35 1.00466
8966.0 0.985769
8966.65 0.96894
8967.3 0.956267
8967.95 0.949293
8968.6 0.94862
8969.25 0.953751
8969.9 0.963234
8970.55 0.975055
8971.2 0.987151
8971.85 0.997888
8972.5 1.00636
8973.15 1.01247
8973.8 1.01679
8974.45 1.02027
8975.1 1.02397
8975.75 1.02873
8976.4 1.03503
8977.05 1.0429
8977.7 1.052
8978.35 1.06172
8979.0 1.07144
8979.65 1.08056
8980.3 1.08869
8980.95 1.09561
8981.6 1.10124
8982.25 1.10563
8982.9 1.10886
8983.55 1.11104
8984.2 1.11227
8984.85 1.11262
8985.5 1.11216
8986.15 1.11094
8986.8 1.10907
8987.45 1.10673
8988.1 1.10426
8988.75 1.10207
8989.4 1.10061
8990.05 1.10025
8990.7 1.10105
8991.35 1.10271
8992.0 1.10452
8992.65 1.10539
8993.3 1.10405
8993.95 1.09935
8994.6 1.0905
8995.25 1.07742
8995.9 1.06086
8996.55 1.04243
8997.2 1.02439
8997.85 1.0093
8998.5 0.999537
8999.15 0.996746
8999.8 1.0015
9000.45 1.01318
9001.1 1.03006
9001.75 1.0498
9002.4 1.06988
9003.05 1.08809
9003.7 1.10293
9004.35 1.11361
9005.0 1.12006
9005.65 1.12267
9006.3 1.12213
9006.95 1.11925
9007.6 1.11498
9008.25 1.11041
9008.9 1.10677
9009.55 1.10528
9010.2 1.10696
9010.85 1.11232
9011.5 1.12114
9012.15 1.13242
9012.8 1.14456
9013.45 1.15576
9014.1 1.16446
9014.75 1.16971
9015.4 1.17132
9016.05 1.16971
9016.7 1.16571
9017.35 1.16012
9018.0 1.15352
9018.65 1.14618
9019.3 1.13808
9019.95 1.12918
9020.6 1.11952
9021.25 1.10934
9021.9 1.09898
9022.55 1.08884
9023.2 1.07915
9023.85 1.07003
9024.5 1.0614
9025.15 1.05324
9025.8 1.04565
9026.45 1.03897
9027.1 1.03366
9027.75 1.03023
9028.4 1.02895
9029.05 1.02975
9029.7 1.03211
9030.35 1.03526
9031.0 1.0383
9031.65 1.04047
9032.3 1.04132
9032.95 1.04082
9033.6 1.03928
9034.25 1.03725
9034.9 1.03535
9035.55 1.03412
9036.2 1.03399
9036.85 1.03524
9037.5 1.03807
9038.15 1.04257
9038.8 1.04873
9039.45 1.05643
9040.1 1.06537
9040.75 1.07508
9041.4 1.08504
9042.05 1.0948
9042.7 1.10413
9043.35 1.11314
9044.0 1.12221
9044.65 1.13182
9045.3 1.14223
9045.95 1.15326
9046.6 1.1641
9047.25 1.17339
9047.9 1.17952
9048.55 1.18111
9049.2 1.17742
9049.85 1.16865
9050.5 1.1559
9051.15 1.14091
9051.8 1.1256
9052.45 1.11161
9053.1 1.0999
9053.75 1.09062
9054.4 1.08324
9055.05 1.07674
9055.7 1.07003
9056.35 1.06232
9057.0 1.05334
9057.65 1.04347
9058.3 1.03367
9058.95 1.0252
9059.6 1.01931
9060.25 1.01698
9060.9 1.01864
9061.55 1.02421
9062.2 1.03324
9062.85 1.04505
9063.5 1.05889
9064.15 1.07409
9064.8 1.08994
9065.45 1.10576
9066.1 1.12074
9066.75 1.13407
9067.4 1.14494
9068.05 1.15269
9068.7 1.15693
9069.35 1.15757
9070.0 1.15491
9070.65 1.1495
9071.3 1.14213
9071.95 1.13368
9072.6 1.12498
9073.25 1.11667
9073.9 1.10908
9074.55 1.10223
9075.2 1.09587
9075.85 1.0897
9076.5 1.08347
9077.15 1.07716
9077.8 1.07103
9078.45 1.06553
9079.1 1.06119
9079.75 1.0584
9080.4 1.05728
9081.05 1.05761
9081.7 1.05887
9082.35 1.0603
9083.0 1.06106
9083.65 1.06037
9084.3 1.05763
9084.95 1.05252
9085.6 1.04513
9086.25 1.03602
9086.9 1.02619
9087.55 1.01702
9088.2 1.01006
9088.85 1.00672
9089.5 1.00803
9090.15 1.01427
9090.8 1.02494
9091.45 1.03877
9092.1 1.05401
9092.75 1.06875
9093.4 1.08136
9094.05 1.09076
9094.7 1.09663
9095.35 1.09935
9096.0 1.0998
9096.65 1.09915
9097.3 1.09849
9097.95 1.09865
9098.6 1.09999
9099.25 1.10244
9099.9 1.10557
9100.55 1.10873
9101.2 1.11123
9101.85 1.11249
9102.5 1.11215
9103.15 1.11017
9103.8 1.10675
9104.45 1.10233
9105.1 1.09746
9105.75 1.09262
9106.4 1.08817
9107.05 1.08421
9107.7 1.08064
9108.35 1.0772
9109.0 1.07366
9109.65 1.06993
9110.3 1.06613
9110.95 1.06265
9111.6 1.06
9112.25 1.05867
9112.9 1.05899
9113.55 1.06098
9114.2 1.06437
9114.85 1.06858
9115.5 1.07296
9116.15 1.07691
9116.8 1.08008
9117.45 1.08244
9118.1 1.0843
9118.75 1.08621
9119.4 1.0888
9120.05 1.09264
9120.7 1.09798
9121.35 1.10473
9122.0 1.11236
9122.65 1.12
9123.3 1.1266
9123.95 1.13119
9124.6 1.13314
9125.25 1.13233
9125.9 1.12925
9126.55 1.12482
9127.2 1.12023
9127.85 1.11659
9128.5 1.11474
9129.15 1.11505
9129.8 1.11751
9130.45 1.12174
9131.1 1.12721
9131.75 1.13329
9132.4 1.13937
9133.05 1.14491
9133.7 1.14932
9134.35 1.15207
9135.0 1.15259
9135.65 1.15037
9136.3 1.14513
9136.95 1.13684
9137.6 1.12593
9138.25 1.11318
9138.9 1.09971
9139.55 1.08669
9140.2 1.07512
9140.85 1.06557
9141.5 1.05811
9142.15 1.05235
9142.8 1.04768
9143.45 1.04356
9144.1 1.03971
9144.75 1.03623
9145.4 1.03353
9146.05 1.03211
9146.7 1.03238
9147.35 1.03449
9148.0 1.03829
9148.65 1.04338
9149.3 1.04921
9149.95 1.05521
9150.6 1.06086
9151.25 1.06578
9151.9 1.0698
9152.55 1.07292
9153.2 1.07538
9153.85 1.07754
9154.5 1.07975
9155.15 1.08223
9155.8 1.08489
9156.45 1.08729
9157.1 1.08875
9157.75 1.08847
9158.4 1.08585
9159.05 1.08073
9159.7 1.07362
9160.35 1.06569
9161.0 1.0587
9161.65 1.05478
9162.3 1.05601
9162.95 1.06415
9163.6 1.08016
9164.25 1.10385
9164.9 1.13354
9165.55 1.16604
9166.2 1.19689
9166.85 1.22113
9167.5 1.23428
9168.15 1.23353
9168.8 1.2185
9169.45 1.19143
9170.1 1.15658
9170.75 1.11917
9171.4 1.08408
9172.05 1.05484
9172.7 1.03315
9173.35 1.01896
9174.0 1.01096
9174.65 1.00722
9175.3 1.0058
9175.95 1.00515
9176.6 1.00434
9177.25 1.00307
9177.9 1.00159
9178.55 1.00041
9179.2 1.00011
9179.85 1.00102
9180.5 1.00307
9181.15 1.00575
9181.8 1.00831
9182.45 1.00998
9183.1 1.0102
9183.75 1.00884
9184.4 1.00615
9185.05 1.00278
9185.7 0.999466
9186.35 0.99692
9187.0 0.995587
9187.65 0.995538
9188.3 0.996468
9188.95 0.997763
9189.6 0.998667
9190.25 0.998493
9190.9 0.996819
9191.55 0.993606
9192.2 0.989213
9192.85 0.984287
9193.5 0.97957
9194.15 0.975707
9194.8 0.973096
9195.45 0.971846
9196.1 0.971819
9196.75 0.972733
9197.4 0.974293
9198.05 0.976242
9198.7 0.978396
9199.35 0.980625
9200.0 0.982826
9200.65 0.984882
9201.3 0.986651
9201.95 0.987965
9202.6 0.988633
9203.25 0.988455
9203.9 0.987249
9204.55 0.984896
9205.2 0.98138
9205.85 0.976846
9206.5 0.971601
9207.15 0.96612
9207.8 0.960991
9208.45 0.956828
9209.1 0.954197
9209.75 0.953524
9210.4 0.955027
9211.05 0.958668
9211.7 0.964129
9212.35 0.97082
9213.0 0.977947
9213.65 0.984626
9214.3 0.990052
9214.95 0.993673
9215.6 0.995314
9216.25 0.995227
9216.9 0.993997
9217.55 0.992369
9218.2 0.991041
9218.85 0.990496
9219.5 0.990971
9220.15 0.992536
9220.8 0.995242
9221.45 0.999271
9222.1 1.00499
9222.75 1.01289
9223.4 1.02341
9224.05 1.03669
9224.7 1.05236
9225.35 1.06949
9226.0 1.08662
9226.65 1.10199
9227.3 1.11387
9227.95 1.12092
9228.6 1.12242
9229.25 1.11837
9229.9 1.10945
9230.55 1.09676
9231.2 1.08155
9231.85 1.06494
9232.5 1.04783
9233.15 1.03089
9233.8 1.01462
9234.45 0.999444
9235.1 0.985792
9235.75 0.974028
9236.4 0.964389
9237.05 0.95691
9237.7 0.951419
9238.35 0.947583
9239.0 0.945014
9239.65 0.94333
9240.3 0.942196
9240.95 0.941308
9241.6 0.94039
9242.25 0.939232
9242.9 0.937775
9243.55 0.936201
9244.2 0.934958
9244.85 0.934679
9245.5 0.935982
9246.15 0.939215
9246.8 0.944295
9247.45 0.95066
9248.1 0.957402
9248.75 0.963488
9249.4 0.968001
9250.05 0.970319
9250.7 0.970172
9251.35 0.967619
9252.0 0.962975
9252.65 0.956742
9253.3 0.949542
9253.95 0.942082
9254.6 0.935093
9255.25 0.929247
9255.9 0.92507
9256.55 0.922868
9257.2 0.922669
9257.85 0.924234
9258.5 0.927099
9259.15 0.930669
9259.8 0.934322
9260.45 0.937515
9261.1 0.939876
9261.75 0.941255
9262.4 0.941718
9263.05 0.94149
9263.7 0.940835
9264.35 0.939968
9265.0 0.938957
9265.65 0.93773
9266.3 0.936093
9266.95 0.933829
9267.6 0.930805
9268.25 0.927027
9268.9 0.922661
9269.55 0.917999
9270.2 0.913378
9270.85 0.909071
9271.5 0.905185
9272.15 0.901622
9272.8 0.898082
9273.45 0.894156
9274.1 0.889459
9274.75 0.883783
9275.4 0.877194
9276.05 0.870053
9276.7 0.862948
9277.35 0.856547
9278.0 0.851448
9278.65 0.848053
9279.3 0.8465
9279.95 0.846657
9280.6 0.848179
9281.25 0.850602
9281.9 0.853452
9282.55 0.85632
9283.2 0.858942
